61666666 666 6166166 bet· 166 666666 6. 66666 666666. ¹
16, 161. 666. · 168. ·6ιιι6 61666 66666 61666666
6666. 6. 666, 6666 6166616666 bet - 6666666116 ιι. gem. ι
116.Ι 616166 666666 bet - 114. 66111, 216] 16666616
’ 1666 - 661616 6616666616 616. 11616 'bet 6666666666 ,
’ , 4666· (ιιι.) 6646. 66661666 6. 6166666 -ιιι 666 61166 666. 6
Virtus pout ιιιιιιιιιιοιις Virtutem videant 866: 61666161 6
6. - 61, 66. ’1661666 6116161166, 61616, 6666616. 61666 “ ¹
ιι 6666 111666, 666 6616. 66166- ι-ιι 6666 16 66 6161

¹ '³ 666646. 66 6666666666 666661, 14⁷.- 666

616166 66 6666661666 (stant) 111, 116
66661666, arab. (6 66666) 16, 61 (6. 66666116.
66616611, 16- 66666 (ι. 61611666) 111, 681.
‘ 66666- -.666616 -ιιι (6. 6666166.) 61, 12. 11666.
ιἰ. ·ιιι6 66. 616666.) 16. 6666 66666616 6. -661 666 61166
, 616618. 666 66111666 66666 666. 61666666661666664.
616 11161666. 61666. asse 1666661666 (6 6661666166 met·
6111. vn, 8. 66666 6166ιὶ666666. (6666. 61. 666 66666-
616666166681. 6111, 666. 6166116666 - 611, 16,-1661·
66663ι166666616ι16,861. 666. 166661. 66166. abet 6166
616661. 6666666161 61, 41. 1661666 666666 jebet 66661.
611, 86. 166, 666666. 66 6616666. 66666 6111, 616.
’1666666666 16, 1168. 16666666616666116666. vu, 88.
= 666666 66. 666666 16, 66. (6. Sophiste) 166. (6.
’11616666 468. bet · 6. 566616 Usu· 61, 81. 6116 ben
-ιιι 6666 66 6616 ιιιιι 66 6661166. 61666 6666 fragm

’ r ‘ 616 6166 666 1666 611, 6. 666666 ·ιιιΙ 666 616666. m

1666661666 6616666 (66666) 118.

, 11. 6. 6. 1666666616,646.

116661- 616 6661661611 16 eiu 611116- 666 616 6666
' 66666 66.66·1,.146 666616-661611466. 61666666
- 66611666666-16666 ιιι Qube 6666. 1666166161 ιι.
ε661666666661ι666616,66. 6166616666666666. bie

' 6166116666 166. 6666 ιι. 61, 668.

 

