· 82
Ι8. 88888 888888 88 8 8888 8888 2178· 88 888 88888

ΙΙΙ82887888 8888 888888 181,888. 818. 8888888888 88

888. 888888888888888111,14888888888888888 ν
s , 88888888 · 88888888 Vll, 87.- 8. 888888 8. 888888

(888888) 128. 8 8888888888 8. 88888. 8888888 888 288888
, 8 888888. 888888 87. 8. 88888 lV, [8878 888 8. 88·

⁴ 188 888 8888888888 (8888 ) 111, 488. 8 8888888888888888818,
. 428. 428-485. (Vl, 82) 8 88888 888 8888888888 88888 88

111,128. 888 8888 8. 88888 8888 888888 88888 818888 lV,
84. 8. 888888 8888888118281. 8888888888 8888
888888 111, 128. 8. 88888 11, 128. 1281812184. 8. 8

888888 8. &inflet 181. 888. 88888888. 88888888 88888111,

' 88. 88888888 8888888888 81888.- 8888 888 8. 81888888

111, 128. 8888888888 888 8. 81. lV, 818.- 888 8888888 88888· ’
8888888 888 8. ot. 8. 88888188 488. 8888 8. 8188888888 lV,
812. 8. 8888878888·11,188.

8. 8888888 -’- 8888 88888 888 8888. 88 888 8. 8888888
88888 888888 8818888, 888 888 888888 888888 8. 88888111,
22. 8888888 81888 8888 888. 888..1 888 888 8888888888·
8. 8888888888888 88888888 8888888. 888 888888 ’88881888
128. 888 8. 88. 88888 888888 8888 ’888 888. 888 8888888
8888888188. 888 888. 88 8. 8888888. 88888888 888-
8888 888. 888. 88 888888. 88 (8188881818. 818888.
’ 888 88888881. 888 888888 8888888 88888 888888 8888818888
au 8888888811, 428. 8. 888 88888 8888888888 Vl, 88 8888
88888888 11888888 8888888. 88888888188118888. 88888

’ “ 888 888. 8188888888124. 88888. 88818 8188 aeut, 888. 817.

888 8888881888 128. 88888888888888888 888888888888888188
8888 88 8. 88888188.·’888. 888888 888. 8888888. 428. 428 8.
888888 888 888888 88 8. 8888888888 8881888 888. Vt·
Vm, 7. 8. 8. 8888888888.
8. 8888888888, 8. 88888 8. 8881888888. 8. ’88818 8. 88·
8888, 8. 88888 8. 8888888888, 8. 8888.
¹ 8818888888 818844. 8888.88888888888888·111,78.

 

