, ³ 444

444. 1, 44. 4444 414144 14 4141. 4441444 444 414144 · 414 4.
41444. 444144. 444414 414 1444 44 441. 444 444 · 1444444
14 4. 1114144. 1444444 44. 444 1114 4. (4444114144444) ·,
(4444 141414 444 g. »1444444 4411444444144. 444 411114.

4444444 444 - 444 414 §uben 444 4141444 murm. 4414 4.
44414444 444111 25. ' 444 (44144 4444 441 (41111444) 111,
14. -, 4414444444 444 4414 (411444 44. V, 448. 4. 414111 444
4441. -4 44414444 444 414 441414 4441444 1111444. 444

44441441.4414144.-11’,-44 4444444444. 414 τά 44444. 444 ·
νόμου 4444. Vhtu). 444411444441444, 44414144 444 4414444144 ,

im · 144 64144 1141444111, 64. - 4414114414. 14 4444 444
444 4144144 444 · 444444 444414444144444144444414
444 · 44444, 444 - 441. 344414.. 414 111414. 1, 4114. 444
444 - 4141444414 444 41414. 4. 4141414444 114144. 14444 44444
1111444 44. 414 6444444 4111 444 444. 41414444 411111.
4114144, 444 · 4441114414.. 441444 4414 444 4441141. 444414,

4444444444 444, 4414 444 4444. · 4444 144444 444. 444 414141 2 ,

114 4444444 44 4444144, 4444. 14444 1444 4114444 1144114444
444. 4114414114 4444. 4141414414 44441144 444411414414444
4441144. 4444414 444 41144. 444- 11,44.’- 4444444414 ’
444 - 44144444 41411444 144 14444 ..1 444444 44444 ’4.
4414144 444414 4. 44444. fa 44414444. 44 44444. 11, 4411. 444
414414 4441144444 444 4444444 444 41444 ist 4. (4411111. 444 ’
444444 · 444 344414444414441.) -1111,44. 444 44414414.
414444 44 4. -4 414 4444 4444 4144144 44444 4441444 44.
441144411444. 411144. 44. 414441 4444 41144144. 4444. - v
’4144444 (41. 1. 4114444 4444 4. - 48. 414 45444444 444
64444. 4444444 1144 414 4414414444 4441444411 444 44444
644144 444 - 444 44 4441449. 4444444444. 444 4444144444
11444 414 444411 441414 44. 6414411444 4. 44414 41444 1114.
41444441144444 4444 444. - 4441444441.

4444144 444. vl, 4. (44444. 14. mnnrt1.(0100n. - ·

4444. Philon. 414444 servitus) vll, 89. 444 memento·
4444 441. 44 44114. 4414411414144144 44414 414444 4411114444
4444441144 4444144444 144. 4144 44114 4144 41444 4144444144.

 

