1811111111. 11181111. 11111118. 111. 11111111 11111 Ι ¹

111 1111111111111111111111111.

181111.1111111,111. .

1111111111 111 ein 1111111111 wa! 111 111 πρωτο-
ιῑάθεδρα 1111111 1111111111... 1, 111. 1111111. 11111111 11,
111. - 1111111111 11111111 11, 111. · . 1

1111111111 (1111111111) Cadmus 1. lingua gruonae 11111
eruta 11111Ιί1111.3111111718.111,15.

1811111111. 111111 11, 116,

1111111111 11111 111111 111 1111 1111111111,118.11111
11111. 11.111111111111,111.411

1811111111, 11111 1111111111 1. 1111111111. 1. 111111 111.

1811111111 11111111 111111 11, 11. (11, 111.) ’

1111111111 111111111111111 11, 116. χ

81111, «11111111111111 1111111111 1111 1111111111
tres, 1111 1111. 111 1111111111.1185-81·,11111.

111111,11111111111111181.111,.1151111111111181. “

1111111111 111211.
111-1111111111*111111111111 1111111111
1μ11111111111,111., .
11111.111111111111111111-11111111111.
1111111111 11, 111. 411. v, 1.

111111 1111111111. 111, 181.

1111111 11111 11, 11. 1111111111 111. 11111111 ι’

11 1111111111111 111, 118.

Ν 111111ἑ11,1111111111,1111111111-1111111 1111 11111111

18111111,111111111111111111 111, 111. 1111111111
111111111111111111111111(11111111)11111111111.
111111, 111111 11111111111111-111 1111111111 111 ι
1111111111 111111 1111111111 11111. (1111111111111111111,
1111. 111 111 1111 111 11111111 11111111 1111111 11, 111.
1.11111111111.11111111111111111 (111.1,.ι11)11 1111
tinem 1111111111 1111111111 u 1111111 11111111 111

’ 1111111111111111. 11111111 11111· 111111 11111111 ’

1111111111111111111. 111. ¹· 4¹

 

