Ν 1111
, 111. 11 1111 1111111. 11111111. 1111111111111111111.

,11111111 1111. 1111111111. 11111111. 17. 11111 bea

’11111111 &ecte (11111111.) 111.. 111 1111111111 1. 1111 .
¹ 111 113. 111 1111). 1111111.1.1111111“1111111111111 ·
’ 6111111111 1111111. 1111111111111 1116111111 1.

11111. 1111118. 1111111111111,11111111111111111. · ,¹
6111111111111111, 114. 11111 1111111111 ιἰι 1111 «1111. ⁴
111 11111111111111. 1111111111 1111 -111111111111111
1.1)1111111.·111,11. 11111111111-1111 11 1111111111 ,
111 molt 11 1111111111. 1111111111 ben 1111111111.
111. 11 1111111 11. Vl, 11. -111111111, 183, 11111111 ’

1111111111111. 459. 11111 -rt'eb 125. v1,51. [1111111111 ’ ,
bet 111111· Ι1’,111.] ’611111 1. 1111111. 111 (11111111 -

e,= 1111111111 11111111 111. 1111111111. 11. 1111111111.
1111111111111,1111. -11111 11111. 1111111111 141161.
1111111. 1111 1111111. 1. 111111 111 11111111 111111 111.

1111Ι 1. 1111. .. 11111-111111 111161. 111. -11111, 111 ..

1111. 11. 11111 [11111111 &dmm 111111111111111111
’1111 111 11111111 11111 geht. 1, 111· -1111 1111111111.
1111111111111) 11. 1111111. 1111111 1111111111111
1111111 (11 111111. Ι11111.) 111111. 111111 111111 11111
111. 111. 11111111111111. 18. 111 111111 11111111 111
»111111 11111 111. 1111111 11111·1111111111.11111’1 111

111111111111111 11111111 1111. 12. 111 111. 11111111 .

Ι 111111. 1. 11111 -111111 111. (111111111111111 1., 1.
« 11111111111111119. 111111111111111111. 1111111111.
1111111111111111111111- 11. 1111111111111111111111 .

91. 111 11111. 1. 1111. -11111 1111111111. . 1111111. 111 ··=
· 1111111 1111 1111111111 .. 1111111.1111111.11. 111117. bet

11111 sarman 1111111111. 111111 111 1111111. 111 -·118.
11111 1111111111 111111 11111 11111111 1. ,111 ze. 259.
11111 1111 1111111111111111 11 1111111111. 1111

1111 11111111111111111111111131111111111111111 „ f
Ι 1. 1111111 - ιι. 111111 opera 1111111 111111 1. 111111

1 1111. 111 111111 · 111111 111 111 - 111111 1111111111

 

