111 ,
01111, l· 111111111111111111111111 Ν, 111. Muta

, 1111 11111 1111. 111 111111. 111 111. ιι. 111 1111111 411.
“ Ι, ” 111111111111111 1111111111111, 11. -11111111111

1111111 ’1111111111 111111 111. 1111111111 ιι. 1111111131·
wmma .'
111111111111111111111. 111. 1. 1111111. 1111111.
vermem - 111 1.(1111111111111 111 - Ν, 411.
· 1111111111. 11 11111) 11. 1. 111111111611111111.
1. 6111111 1111. 111111111111111 11. 1. 11111111. 1111. ιι.

- 11 1111111111. mmm 1111. ’
· · 111111 1111111 ιι. 111111, 111. 111111111111111111111·

’1111111 111111 1111. 1. 11111 111. 111 111119 11111 11111.
01111. 11111111 Ν, 111. 111 -1 1111111111611111·
11111111Ι 1111111111. 111111 man 1111111111 111
11111111 111 11111 11111111, 111. 1111111· 11, 1111.
111 1111 01111 11 61111111 111 1111111111 1111111
1. 111, 111. 111 11111111111111111 1111 11. Ν, 111.
111111. 2
1111 -111 11111111. 11111111 1111 111 1111111111111
1111111111 111. 1111111. 1. -1 11, 11. - 111111111 1. 1111.

111111111111111111111ὙΙ,1.-1111111111111ἮΙ,881. ¹

1111111ῑῦι111111 111 8111111111 11. 1, 111.

1111111. 6111. 11, 1111. ι·

111111 - 11111111111111 1111 11111. ·· 1. 111111
11111111. V, 111. -1111111111111 1111111 Vl, 11. -
1111111111 11111 Ν, 81. - 1. 1111 11111111 1111111 1.
’ 11111111 1111111 1111 1111. 1111111111 111 1111111111

1 1111111111 1111 11111111. · 111111 11111111 1111111111

111111 [m] 11. (1111111211.) 11141111.
1111 111111. 11111 11111. -1111111 1. 61111111.

” · 111111111111 -· 11111. .11,111. 11111111. 118111·

1111111111. 1. 11. 1111111111 Ν, 141.1
1111111 11 111 διαί 1111111111 11, 411. A. 111 · 1111
,1111 111111 1111111111. Ν, 111. 1111 111 1111111111

 

