⁵2⁰

18881188 8888888118 18888 88881181, 88. .

181188 88188818. (1.81811.4.18.)111,181·. 8. 8111188 ,
’ 81188 11888888 11 1881. 8. 1881181181 8881181 11, 218. ,

8881181181 - 888 88888 8881881188 [111888] 8881
881. ke 18188 88188 8181188 881181 11, 111.

8881· 8. 6881188111 (811888. Serum* vn, 118. ,

888118 - 88188 818 8. 18181. 888 · 11111 1. 111, 188.

·’ 818188 -· 18118 88888 11, 1187. 888 8888888 111881. “
888 8. 118188 8888. 818 t. 8111188 (1. 118888) lv, ζ’
18. 11. 8. 8811118, 11881. (18881.)1111,188. 8118188188
1181188188 18188. 11811188 1881818818. 881 88888818888
1111, 88. 1. 8118818 818. 11881· 8. 8181888888 V, 18. ¹
88888 1181. 8188. 111, 88.

881888 -,- 81888 1888 1881881. 8188 · 818 8888 8881118
188 88811888 8811118 1, 81. 8811881-88 8881818 818 818
88188188 88111. 1., 18 818 888. 18181888 8. 8888 88831188
18 1. 18. 818 8881. -88 8811. 818 - 81888 1188188. 88.
88. 1811. -88 18 gut 81888818818188. 8118811888 111111
811 888888 (881888 8. 11818188 88. 818 · 8111 818 888 88-

, 188 81188 8888811881. 18 1181888 888· (1. 818888) 8. ’
3 8181188881. 8. 8811811881. 888 - 8888818881 118 881

, 818181. 818888 8881888.) 88. 818881811181811 881. - 181.
81818818 1818881818 8881188 1181181118 888 88881811..ι,,11,1) P

’ 888881 818 8181111118 888 1818188 118888 88188 8118818118

8188 818. 8118811188 888 - (1. 11188.) 11,181. 888 188- 1
81188 term. 888 8811181. 188 8811888 - 8888188, 111 888
6818181. 8. 81111181 1811. 218. 111111, 118] 888 181888·
188881 881818188888 -en 18 88888888 18. 111. 81881888
8818188 88181. 1888 881181. 118. · 818 88 18818 118181
8. 8818 8811 8. 188. 188 8888 1181111. 88188811. 1888
8881 18818 1. 81818 888 - 8. 881 818188 8811 888. 8181818·-
888181. 8. 8888 8888188 88881881. 88. 111, 181. 18 888

818811. 8818 881. 8. 111118 8888 - 88188 181888. 8181. ,

18881811. 881811. 11881 . . 881888. 888 - 18 8888 1881111
. 888 8. 881181. 8. 881888 881 88881811. 8181888118( 818888 ¹

8888888 88181118· 1111. 888. , 34

 

