.
· 29
ι ἱ

1144444444, 84. 8444444444 4444 4144944444
1, 388. 444 44444444 8444444444411, 298. 44 4944444444
’4444444444 498. 483. [423] 444444 444 444 44444 444444
444· 4. 9444444444 44444444 44444 299. 44444444 444444
4444.444441444,141,14. 44444494444414444444444. [1414194] ’

Aurora 4444414, 4444444444 du 849414 ‹1⁹0r1v‚155.· X

44444444 - 444 444 44 44444. - 4444 44444, 44 4144
4444 44444 4. 44144444 4444 l, 484.

44844144444ι44441-444 449 - (444 4444444444) 44,-
444444 111, 348.

44444444- 44444444444 444 · 11, 78. 4441. 49441448 ,
- 493. 4488] 8444444444, 444 444 (44444444 4441444449 x
44 44444444 444448- 444444 494. 4444444, 444 44444448
444444 84444, 444 4444444444 94444414 4. 44444 14329.
44444 444 44444. 444 4. 4844494448 44444444, 1444 4444
444444 44444 4-4 44444 1, 122. -444444 444 44444 44444444 .
4444444139. 4444444444 4. 84444444· 44 4444444444
444 844444444444411, 288.

4148444 44444- 9414444444 4. 44444 44441. 4. &cham 41444
44444444. 44444 &vom 11 34441 4444 11, 422.
44844444- 444 9144444444 444- 4444444144 11418. ,
4444444444 444 4144441358. ·
4444144444- -4484444444 443 44444444114181183.
44444444 .- 4444444444 4444- 444 49. Ine. 444 44444.

-444 444 4444444444 4444444444 11, 32. 41. 4. 3444444·
444444 198. 444 &cite 444 ἢθη 44. 444 444 44444 - 444
448 44. 4. 111,18. 44444444. 441444 444444. ’4. 448·
444444 444 44444 4444 4444444 444444 11, 288. 44844444
444444 (4444 44 lv, 198.

444444 444- -444 44444- 444444 4444 444 4444444444
44414494. 44444444 444444· 4444444444. 44 4444444444 429

444444 444 341444 4 444444 444444 448 4444 444444.
14444427. 1444444( 4444 44) 4. 444444 444. [4444114188]
141418. 444144444444444 · lv, 448. - 4444441444, ie 44444
fic 99444414 44444.. 4444 4444444 4444444. lm.

 

