11, 111111 1111111, 11111 .. 111111 11111. 111111 -1111
’ 151. 111· 61111 11 111 61111111, neg. 1111111111.
1111 11111111. 111 11111 1111 .. 111 1111 111 11111111
111 1111 1111111111 111 -1111111111111,111. ’111111
911111. 111 · §obn 11111 (in 1111Ιί1 doment.) 1111111.
0111111111, 111. 1111 1111 - 1111 11111111 - &obn
11 1. 111111. 1111111. 111111 11. 111. 11 11111111 1111·
1111. Vl, 111. 1111111111. 11111111111111, 611. 1. -11111
1111111111111111111111 vll, 11. 1111 1111111111..
1111 11111 (111. 111 1111111111. 1111 1111 1111111111
1. 1111. 11 1111111 1111. 1. 11. 411.

111 11111111 11111111, 111 1111111111 11111111
«1111111111. 11, 151. 111. 1111111 111111 111 1111111
111111 1111111111 111, 111111 1111, 1. (111111 111111
2¹¹ 11. 111,111. 1111 11111111. -111111111111111111
1111111. lV, 111. 111·111111. 11111 1111111111. 111.
111-111111 11111111. 1. 11111111 111 11111 61111111 11.

11111111 1111 1, 1. 1. 111--11111 1. &tumne 111 . ³

111111 111 111111 111 11111111. 11. 11, 4151. 1. 111.
11111111 11111 11111111 1111. 11111 111111. 111111, 11
Θ11111111111,111.· 11111111111111. -11111111111 1111
. 11111111 1111111..111111111. 11111 1111111111 11111111
’ 1111111111 1, 111. 11111111 1111 11111 111 1. 111111 111.
-111111 11. -111111 11 111. 111. 111 111111. 111 &ie 11111
3111 -1111111, 1111111. 11 111111 1111111 1. 6111111111
..6111111 11111111 111. 1111111111111 1111111111
11111. 1. 31111. 111111. 111 11111. (11111 11. 11 11111.-

·1111111 11111. 1111 11111111111111111 1111111 11 1
1111 1111111 Vll, 111. 1111111 -111111 111 1. 111111. “ ,
“ 1. 1111. . 1111 1. 6111111111 111 111111. 11 1,1. 1111· 1

11111. 1111 111 11111. 111 111111. 111111 v1‚4⁰. -11111

«111 1111111111. 1111111111 (11111111 11111111) mm. 1
111. 111111. 1. -11111111 1. -11111 V, 111. 111111. 1111111 ,

1111111, 1111 111111111111111 -11111 11111111..111,ἥ.

= -111111111 1111111111 11111111. 11. 1111111 111 -11111

 

