11

11111111, 111. 1111.. 111111. 1111111 1111111111..
1111111. 1718-81. 1, 818. 818. 111111. (1111. 8111111.)
8811111111. 111 1111. 1111111111 1111. 1787-11.

, 811111. 1111 111111.. 1111111. 1111111 6111111. 1111.
111111. 1111111777. 1111111111. 1111 111 11. 1718. 81.
81111. 111111, 11111. 1111 1111111111 111. 1711. 11111

111, 877. 11111, 81
11111111- 11111111111111111 111· 11111111 1111111.

1111 111 11111 -111 111111. 111 11111111111111111111

11111,81. · 11111111111111. 1111111. 111 1111. 111111, ’
111 111 111111 11. 1111111111 11111 11, 11. 11111. 8111111·
1111. 1111 111 111111. 1111111.- 1181311111 111
111111 11 1111 141 111111. 111. 8111111111111118.
1111111111 (8111111111 111. 1, 12.) 11 , 81.
811111 &ecte 111 1111111 11. 1, 28.
(1111111111.11111181111111.(11161111)111111111

· 8111111111 11111111111,118.1111111111,8·111111

111111111111 11881

111111111111111 11111 1. 1111111. 11111 11, 118.

(1111111111111111111111,188.11111.11111111·111

1111. 8111111.1111111,187. 11111111111111. · 887.

111111.111111.11111111 1111111111 11,.181

81111111 111, 81. .

811111 1111111111.111111111111111111111111
11111111, 111.

0111111111-11111111111111111,818.

1111111,114.[1111,818.1

111111-11111111111111. 11111111 1111111111-111, 118.

(111 11111 1111111. 111 6111111. 111, 8811111111
1111111111 111 11111111 1, 81.

8111111-111 1111. 11111 11 - 1111 11 1111111, 8811
· 81111111 111 1111111-1111111111 111, 188. - 1111 11
1111 1111111111111 11 , 81. 111. 1111, w. 1111111111
1111111111111,81. ,

 

