:²⁵⁰

1111111. 1111111 11111. m* 111111 11111111111111111
1111111. 1. 1111111. 1111111111 1111111111111111111. ..
. 1. 1111111111. 111111.. 1111 111-111 111 1. 1111. 111 “ “

· 1111, 111111111111111111111111. 211. 11111. . 111

1111111111111 211. 111 1111111111 11111 1111111111 1111

“ . - 111111111111111111-111111111111111111-1111111111.

1. 6111111111. .. 1111 11 11111 1. 111111111111111111111

’ 111-11111131111111111111111..“1811.1111111111 ’

11111111111111111111. 11111. 11. ,11111111 1111111111 -
11. 11 111 1111 11111 - Vl, 111. - 111-1111111111111
1. 111 3111111 vn, 11. 111 11111111 - 12. 11. 1111· ,

’ 1111111111 41. 11111111111111 1111. 5111111 1111111 111·

11111111 11111111.. 11111111 .. 1111111. 1111111111. 11.
1111 1111 111. 11111 11. 31111111111111 ..1111111111 111111

11111 11111. 1111111111. 11111117. 1111111111. 111111.
, 1. 1111. 111111. 1111 1111111147. 11 1111111111111111 ·
111111111111 11111 6111111 1. 111111. 11111 1111 111
111111 111 1. 11 111 11111 111. 111111 1111111111 1111111.

111111 11 111 111111111111111. (1111111111 611111.
11111111 111 1111 11111111 .. 1111111. 111111 111. 111·
, 11111111111111 1111111. 1111111111. 11111111111111111 -
11111111.1111111., 11111 1111111111. 11111 11. 11 111 11111
11111 11111. θ11111 gum 111111 1111 111. 1111111 11111111
’ 111111. 1111111151. 11111111 11111 (11111111. 111 1111111 ι
1. 111111 11111111 1. 11111111 11111 111111. 111 11111111.
· 1. 111. 111111111111111111 1. 1. 111111-1111 11111

“ ' 1111111111151. - 11111111 11111 1111 11111. (11111111.

-11, 11111111111111111.) 1111111111. 111 1111111111 (1111
(1111) 11111111. 6⁰· 111· 111111 111111111111111111.
1. 111. 1111. 1111111111 1111111 11111 1111 11111111. 111 111

ν 11111111111161111111111,111111, 111111 111111 1111

111111Ι111111115111ι ..eL 1111111 bem 1111111111 11111 ,
111111111111111111 11 1. 1111161. 111 111 111 111111
111111111111111 1111 1111. 1. &tant 111 &tola 11111111

111 11111 1111111 9111111111 . z 111111 1. 1111111111. ι . 1

 

