⁴¹m.⁸

111.-1111111111111111111η111111111111 111.
11.11111111111·111111111111111111111111111111
11111111 1111111111111111111111111 11. 11111 111
11111 11 1111111111 11 111. 112.

’ 11111 111111 11111111. 111· 1111111. 111- 1111111111·
1111111. 11, 111. 1111111111 11111 -1111111 11111111
1111111111). 111. 192. 111 1111111 11 11111 111111. 11111111
111111111111111. 11111 111 &rein 111 1111111 - 1111.
11111. 11 - 11111. 441. 1111111111 1111111. 611111 111 .
111 111111111111111. 11111 11111111 . . 111112. 111-11111.
111111 1111111111 1111 1111 1111414. 11111] 1111111111.
11111111. 1. 111111. 111 - 111111111111111111111111,
11. 111 - 11111 111 1111111111 11111111 1111 111 11111111
11111111 11 1111111115. 1. 11111111. ,

111. -111111111111 1111. 111111.. 111111. · 111 ‘

1111111111111111 01 1111111 1111111 111111 111, 181. 111
1· 611· 11111 111111 111111 111 1. - 1111 111 1111111111
111111111- 111. (111111. 111 1111. &cele 1111 111111 &cite
,111111 11 1111111111 1111111 11111. 11111.1,441. 11 11111.
111 1. 1111. 31111111 11111 111111· 1111 1111111111 u.
1111111.11,211.1.111111111 1111111111. 1111111111111.
1111111111 111111- 11111111 111111 1111 1111111
1111111111,118.

11111111-111.111111.1111111111131111.1111.’
1111111111 1111111111 111. 11. 151. 11111 111· 111 1. 11111.

1111111 11. 11111111 111111 1111111 111. 1111 11111111. ·

111111 111111 1111. 111 - 111 111111 1111111111.. 1111111111
11 11111. 11111111. 11 111. 1111111111 1111111. -111 x
11111 1111111111111111. 1111 11111. 11. 1. 1111111 1111111

111111111111111111 11 1111111111- 111 111. 111111
1111 11111111 111 1111. 111111. 1111111. 111. 1111. 111
1111 111. 111111 111111. 111. -111 111111111111111.
Vl, 112. 111 11111 · 111 111. 111111 111 111. 111111.
111111111111111111111. 1111 11111. 11111111 111 11111111

 

