, 111*
1111111111.1111111111111.1,11 ’

1 , 11111111111111111,,1. 1111111 [1,.

111] 1. 1111111111 11,141. 111, 11, 111. 1111111·Ι

3 ’ 11111111 141. 1111111111114. (1111111111. 111111
⁸- 11111 1411. 1. 111111411111111111 111, 14. 1.

, 1111111, ,1111111111 11. 11. 1. 11111111 1111 1111111111
,181 111111111111111111111. 11 1.1)11111111111111
118. 11111 111. 6111111111 111. 1111111111 11. ’

1111111111· 111111111111111. 11111111111111, x .
κ - 1111111.1111111111111111111111111111111’

· ,111111 11111. 1111111111111111111· 1111111111 ,
90111111ο Ὗ ‘blff‘etw't 11111. 111 · 111 1. 1111111111
1111111111 111111 1, 11. 11111111 11111111 ·, 11111

11111111 11111111 123· 111 1111 11 1111111111 - ³

1111. 111 - 111 1111111111. 11111111. -1111 1111 1
³ 1. 1111 11 11111111 1111 gum 1111111 111111. (111
. 111 1. .. 11 11 11111111111111. 11111 1111111111111 ·

11111 11111111 111 · 11111 1. 11. 411. ’ &ott 11111 111 , ἶ
111· 1111111 111 11 1111. 1111 11111. 111 111 11111 “
111. 11111 111111 11111 1111. 1111111, 1111111 einer -
11111111111111,7. 11 1111 11111111 - 11 111 1. 11111 .
1111111111 111 111111 111111 11111111 1111 11111111
“ 1111111 111 111 1111 1, 141. 1111 111 - (1. 1111111.)
11, 111. 111. 1111. 111111 1111. 111111 1111 1. 1111.

111 11111111 11111111 in 1111 1. 11111111 1111111111.
111111 111 111· 11111 1111111 111 111 111 1111111
’1111 1, 111. 111 1111111111 · 11111111 11111851] ·

111· 1111 11111111. 11. 1111. 11111111111111 ’

111111111111111111111111441. 1111- 411. 111 1 ss
111111111 1111111111· 111111 1111111. 11111 11111 .
1111111111. 1111111 111, 111 111. 1· 1111111111 ,111 ,

(1111111111) 111. 111111. 1.Ι 11111111 111 - 11111
fid) 11111 11 111111 11 11 111 11111111 1111111111 .
1111 1111 11111111 11. 1111111111· 1111111 1111111, -

 

