⁴⁹⁴ .
' ‚ 1111 -11 111. 1111. 1. 11111111 1111.
1111111 1111 111 11111 1. 1. 1111111111 111111 111

, 1111. 11111111, 1111111 1. 1111111111. 1, 11111.

¹ 111111 111111. 1. · 111111 ze· (111. 47,13.) 111, 17. 1
111 1111 11111 111 11111. - 11. Vll, 117.
Ι §vente 1111111111 Ν, 91. 111,Ι 1111. 311. 3111.

-6111111,111.,Ι,417. -111 111111. Ν, 231. ,
’ 6111111111 61111111111111 ΗΝ. ¹ ' χ
’61111111111111 1111111111 (1111111111.) Ν, 311. 3
61111111-11111111111 11 1111 1. -111 1. 61111 .
11111111 1111, 11. 1111 ·’1111 11. ze. 111. 1111111
1111. 1111111111 111 ·1 11111111· 111111 113.

’ 1111111111- 1111111111111,’11111111.,· (1111.)
Ν, 11. 1111111111 1117. 111 11111111111111- 1. 11111.
249. 111111. 1111. 1111111 -11 1111 11111111) 111, 51
1111111111111111 (11111) 111471.

611111 1111111111 Ν, 43. 11111111111328. 61111
1111111111 11 11111111111111. vu, 115.

“ ¹ , 8111111111111(1111εῶ11111)111117.

’ 61111111116111111,11.ε-6111111111 1111111117.

epit! 11 1. 111. 11. 111, 11. 1116111111111. 111
111111 11111. 411 111 111 111 ·1·1,11. 111111. {anglena
(111111 11, 11 111 -· 11111111 1111111, 1111 gum 11111-

.; 1111111 11111 111 1. 1111111111 11111. 11111111111111
11811]- gu 111.·11 111 1111111 ze. 111. 111 11111111

11111111 1111111111. 111, 111. (11111111. 6111 1. Rome)
11111111111111,111. 1111111111 6111111111 111111 11
111. 1111 1111 11111111. 1111. 111, 111. 1111111 1116111·
1111 1111. 1111111111.) [111,11711 111 11111111
11111. 11111, 1111 111 0111111111 11111 1111111, 111.

· 611111- &aa 1116111111111. 1111111111- 111
’1. 61111111. 11111 11, 117. 111111111111. - ὓ111111111 ¹
1. 111111111111111. 1117.

1111111111111111111 11111111. 11, 11. 1111 ἢ

 

