6111116661111661161111111. 11,161.1616

1116. 61161116111611161616611.

Ι, = 11,184.11111611111161111111111111111111111 11 61, 16.

’ 51111.6111111111..111111111,11,165
. 6116 61611111611111,16161.611116111111,116.·
3111111.6,11.1111111161161116111161. ’ =¹ ·

’1661111111111111111111111111111111111611,115.’.

’111111611616111111111116111111611116116.
61111.1111..,111461.4,16.16,.21 61,1.111618516

16, 66. 11111. 61161111161111111 111 1111116 1116116115. .

61611166 11111111111Ρ11111,1111111111111.11676.
1, 11. 1111111. 11111111 11111111111111. 1111111.

6111111116.11116111111116111111111111111111666. ,

“’ 66,10-,-16. 6611111111111116111161. 11, 665.
, 11, 111. 1111161111111111111111111.1511 61611·
41661111,61116111111,661.1116111161.Χ

6111111115, 11101111. 1111111 11. 16111111. 111 11111 11111
11.

11111111. 1111111111111161111111. 31111 ¹ *

ᾗ . 61111711.’611111111111116161(1111)11.111.· “
16111. 4111. 11111 11110111111111-(161.1111111111.16,66. ι

616 61111. 111 1,111111 1111111111111111..11111’ ’

.111111111.1,4611.,
6,11.61111111111111111111111611111616.

66. 61111 1111 11. 611 6111111161111111 1111111111 Ι
’61111 1116111111 11111111 11. 1111 11116 1661. «

11 11111111161111111. 611111161111111. 16, 19.

, 6166111111211. 11165 272. 61, 114. (1. 61116 ’ ,

· 9..49)199.

. - 1616,16111111611116111111111161111111111)

,6111111111 61161111 1111 1111111111 1. 6,· 656.
6, 64. 61111116 111 1. 611111. 11111 11 1111 1111. 1. 611
111111. 11111111 1111111, 646. 166.
191 14. 111161111Βᾶπό 11111 6161111111 111, 999.
’ ’ 66*

l

t&

 

