m· ,

88 1. 1111181181111111111 111111111811111111171118.
“ 8111118. 8111111 1111111111.81111111.111 ,1841

’181-8 1811111111111.11 111111111111.11,.181
ῃ zm{abinewvssutmwrmedplllstsslvstlaol·
88,.8 1181111118.8111111111111,184.1

= 84,8.1111111111111111111111111111111111111,888.- ’

88811111818111111111111181111811111111111,148.

’ 4811, 8811 1118111111111111.181111111111111.11,15.

8. 811111 111 11111 11111 8111111111 1111111111. 111, 18.
148.11111111114111111111111.81111 111118.
81111111111111111111118111111,188.848.
7811. 111 11111 111111 11111111. 11178. 1111181111. 484.
881. 1111111111 6111111111811111811111111811111818
8118111111 11111. 8111. 11111. 8111111111 11. 111, 881.

11. 11118 1.118111111111181111111.1,844.

81, 11. 11. 1811111 1181111111. 111 11111111 811111 11111.
, 81111 1111. 11111111 111 1111111 11, 411.
841811118111111111111181111111148118187.
888. 8111111111 11111 11. 111111111811111 1888

x 111, 8. 81111 111 8111111111 111 111111 81111111 11, 188.

’ 11811. 811111. 111 111 811111111111111111111.11188.
1188-811111111111. 11118111 1111111 8181111111.
1818 1111111111111111,188.11,88.111,88.
18888. 1111111181111111.811111111481111185187.)
81111.1118115..8 8,11.11,18.1,8811.

“ ’ 181. 11118111118111, 181111111111111111. 1,.441 111281.

118 8111111. 1111111111, 81111111.81111.11,181.

= · 81111Η8111Η18Μ1181111881
.’ 118. 11111111111111111818111.11,.888 Vm. 111181.

11. 1111111111113111 1.1111811111’,1111. 118.
81111. 811. 1, 81. 1111 111111111111 8111111111. Ι, 481.
,1.181 111111111111118111111..8111111111111,411.
1, 11- 14. 111111. 11111111. 11. 11, 8111. Vll, 88.

8, 7-8. 8111 111 11111111 8111111 11. 111484,
7, 4. 8111111 111. 111 11111 11111111 1111 11, 88. .

 

