lm'

6166116 vn, 26. 161111.

· 6616161166611 6111. 6111616616161116. ·.661
1611111 66111616 1666, 611111 216. 661 - 661. 1166111 6.
6616111. 66111 6616161111, 11 1611. 116 1.,1111111 611.
6611661 - 111 6116 94. 1616 61111661111116 (661616

1116666611) 161 - 222. 11661 66111111 11 616 - 262. 61111 1
, 61616 6616616111611166616161166. 166611 im 66111

- 661 - 6661111166 161616 261. -6166 611111 6. 6611111161
161 611166 16 666161 16666 661. (61661616661111 Ι,
61161-16211. 611242.) ·

1 666111 -· 16161 661666 661166116611 - lv, 216.

611 11111 6. 11611 6611661161 11611 61111 16 - 1111116116]

116116116661111, 116.

1 66161661161 1161116616611661 1116 16 6611166116 J
. 6111611166. 6616161616611. 1161 6161 ze. 1, 811. 611

11111 ·‚ 1'11 6611116111 161111.. 1. 666 66166 66111. 112.
Χ166 dix commendemens ne 1616611666 6616111116 pour

len 1661 du bon 66116 ΙΙ, 667. s- 611ῢ161611 6111111111 .

611661161 66111661 11 6616111 666 661666 61611
11616 · 4112. - 616- 16. 611116 616 6611 611 66666
1112111. 6111 16 6616. -1161166166161166111111168.
’ 66616611 - 661 661. 6661 61666 666 666 66661. -
66111616. 11 1161116 11, 282. 61111 1161616 616161 611

’ - 116. 16 mr 666 666 6666116166 6611 166116.

61616 16 16116 66. 1. 6161421. - 111 666 6661111166
11111 mmm 11116111 1111 616 sonsum comm. 611 11111. 1,
126. - 166 31111161 1116 66111. 6. 1111161. 11, 2611-166
666111. 3. 11.1 1111116611 161 611611. 611. 66161. 61611·
11661661 66166616616161166. lv, 2261. 6111166111. 166
1611611111 16 · 286. 6616. 6116111. 61611. 11611 1116. -
111161. 16 1661116 682. 161161616611. - 1111. ’

661611- 6611161 666 - Ἰ, 11. 61661 11611 111661
-16 6116661111161 61661 616111 ’(611111161161 66111.
616661) 11, 261.

6661 lv, 121.

 

