’ 010,

. 1116661 ω-1166610111666,6616116,611«61161616 · j
16611611 611161. 66. 111, 771 611611 -16161661716666116

' 6166616616.“.770 616·11,70.[661111117016166

1166166 167.160.[661.1111,771.·] 6616 61666116. 0116611.
66-666 1166116661. 11116 761. 1111. 1666611616· 717.
71116666*061161661101161661166-66. 1, 177

166166 6 616· 6616 7611166111. 1616 6. 6611. - 6. 71666666· 61

110. 7116661116 161611· 11111 7611616016 6661116. 1.

11, 181. 616 116116. 16661 116. 016166 666 61611 616 06116

· 666 - 111, 111 616 166161- 11 01161. 616. 66 616.-’· 11111

61666 66166666616116 661 6616617611 6616666666. 11, .

81, - 666 616 6661 0166 116161 170. (111161) 1666116 1116

1616 611 4- 1166661666 16111 -11616 11166166 616 11, 77

1116116166 616 13116 6661. 666 111116. 11. 06 6 111661. ’611

. medaeam.— -616- 66616616166166166660111616666

, 76111115 1111666. 1116 71666 161161 6160661166 767· 6111

11111μ1111111116661 116 616666617616161111, 717. ·-

10116161610111, 711. -16616 666 0111116611, 68.
0111611666- 6661161.-11,170.-66611.01166761

16116661616.-1661016611011, 770777, 66166166-

160. 666 - 661 1116161616. 767. 66166111616-111,177.

’ ' 7111616161 - 666 1661611 - 0111661616 .. ll, 601. 661 ,

’11616 06116 71.- 106111116. 1116 1116 616 - 666 661161. 611111·

1661661166 1110. 111). -6616616110111 111, 71. 7111161661

1611 1116116. 1111661 11, 707 01116161616111,’100.
0116161611661616111111611, 100. 0661. 111 616 11111666

766611, - 616 111.. ’1616 6161 6666116. 61616 1111. 1. 106.
111161616111111161.11666161.11,70.
0116160116)1176.1)1611611 ’6610116611 01616616

66166661. 7611111, 170.

1166661116 11, 17.

· 101166, 016111601116161 ne 611 ancillae 616.11,1.101
. ,’167.6166661611166111601111777.
1166661616,6160666661161166621166111,700 11116

1616111616 7166616166 06166 111, 171.

 

