5³⁶

111111111111 -· 1111111111. 111111 111111111111
1111111 1111111. 111111. 1. 111 · 111 611111 111111. 1111111
, 111 11111111. 111 6111111111 ..11111111 1, 1191. 111

111 1111111 111 &etu- 11111111 11111111. [111, &l 1
11111111 1111111 111 .. 111,-1111111111 1111. 1111111111. 1

11111111111111111111111111’11111111111111111111111
,1111111111 11 1111111111. 111111. 1118111111 111- 111
1111 1111111. 1111111 111 1111 111111111111111111111111 11111
1111111111111111111111111111114111. 1111111111

111 »11111111 6111111111 11111111. ·- 111 11111 11111 ’

1111111, 1111 1111111. 11111 11 111 1111111111. 11111

1111111 1111 - 11111111. 11111 1111111111 um 1111111. ,

1111111111, w. 11 1111111 11111 1111111111 11. 6111111111Ι
1111111111 11111. 11 1111111 1111 1111 111 1111111111
11111 11111. 111 · 111 111111 111, 14. (1111111111. 1111
· 11111111. 3111. 111 111 - 1111111 1111111. 1. 1111111111

111 111 11111 111. 11111111111111111111 1111 11. m. ’
1111181111111.. immortalite do Son amo ,.. iu· ’
mort. do Son 1111 IV, 157. 1111111111. do Yam· 1111 1

1111118. 1111 1111111 1111111111. 111 wetha. 11111 11.
1111111 1111 111. 111 -111, lo. 111 1111111111. 111 1111
(11111111 111111111111·111111111,111. (1.1)11111)111.
·— 111 1111. 11111111 111 1111111111 111111 1111111111·

, 11111111 11. 1111111124. 1111111111111111111111111
- 1111111111· lv, 111. 11111 11111 1111111111 1411. 11111111.

111111111
. 111111111111- 1116111111.1111111111111Ἀῑ
< 11111111111(1.1111111) 1, 1581. (1. 1111111111) lv,

a 11181. (1. 6111111) 111, 141. 11. (1111111111 11111111

111111 1111 111 111,-111 61111111. 51111111 1111111 uu·
11111111. Organa 1. 11111111. 1111 11111111. · m
1111111111 11111111 11111111 1. 11111111 111, 148.
111111111111 -111- 111111 18 11111 11( 1111·
11111111 1111- 11111. 1111111111 111111, 1111.
1111111111 111111 11111111 1118111111 11. Met ren·

 

