711· .

7777777771-777777717777777371777777777771117. ·
777777777711111,7.15.51.57.58 77 (177 777. 777

· 7777777777777171). 777777777711777717777777 67717777 .

7777771111,177 f , ’ .,
. 77777777 nv 7777 71777777. 7777- -177 777 777717 71777
. 77717777 77777771 111, 117. , · ,· ¹
7777771777- 777· 7777. 3771111. 77. 777 7777777177 ’
7777177- 711177 7777777777· 7177771, 7174. 11111. “’
777117,777171771177711,77
..7771777777 7777111177, 777 777 777 771771 7771777771
, 1171777717 77771777 111, 1711.. «

7177777, 77 77777 7777 7771 777 7777 77177171, 17777
77717177777171777771,777 - ’

7717 7777717177777777 (7771777. 117 77717.) 111, 177.

717777-71711777 777 (71177)117717177177-111,777.·
717 7777171717 77777 77777117777717 7 non: quon 7777 7777-

. 1177 on 77777 117278. (771. 111,15ὄ.) -7- 1871777111 711

777777777777 111, 411117. -“- 78717777777717-7777717711.
’71717 117777 717771 77 1117777777 7777777777 11, 157. 711717.
17177, 7771777 717 7777771777 7111777717 777771 17 777

¹ · 7777717. 177771. 1711. 71171777 - (7777117) 7117, 7777777 777, ,

“ 77771··77.,77171777771777 (7777777) 117777. .
’ 1871777 777 1177177777 111, 411. - 77177777 1777117 „
7 7717 7. 77177 77 ³ 7777 177 777777777171777177711. 71777
777. 771717 111, 58.- 71771 7777177771. 777 7717777777 -
1715777. 777. nomam (747.) vaus Bethlehem 777· -
1871717717 - 777 - 777 77717 77777 111, 77.. ’ ,

77171777 ··· 777 77777 777777 7111 77777777 7777, 71777
777 771777 1711177 777 77 7717. 777 717177777777717111771711
, 7777 777 111, 7411. -· 717 7111777777 777 7717717 777717 7. 777

, 717717 771 711 7771711777 7771177117777 771777. 717771 -
77777 7771177717. 7. 1177771717777, 117777 777 7. · 7771. 777.
Mundus vult -ν, 777 1117111777·- 17 7177777. yl, m.

7711777 1717177 7771. 7777777177 7717777 77717771. 717 ze.
117777.- 777717717 77777111777777 777 7777 777 71177177·

 

