· 181

1113111111 1111111111111411.141. 11.11111111111.311111·” ’

333. 3111111111 11. 1811111 131411

11111-111111-1111111 111111111111111111111.
’13,33. 111111111133111111 11111111 111111 11111. 1111111.
amam

111111 311111111311111 1111 1111111111 13, 333. ’ ¹

111111 1111 311111 31111111 Ι, 181. 333. ·
3111111111 (1111111111. 111 1. 1111111.) ,1, 33. ‘
3111111111 (1111111. 3111111.) 31, 38. 3111, 313.
3111111,111111111131,131.1111111 11133111111144. ·
143. (13,.3333133111. 343.331.)3111113-111111 · ”
uwwmm.ffl.·
1111111- -.3111 111· -11111 3.13,431.1111.111.
111111 11111 3111111 111, 134.
31111111, (1111111.111-) 111 3111111 11, 433. 31 ’ ‘
111- 311, 333. - 1111111111 (31111. 31111. 111 -. 311
-11111111 111 1111111111. 1111111111) 3111. 11. 1. 1111111111
lmNJfflWmmffffl
3111111111- -111 3111111 1111111· 11, 333. 343.
‘ 111111- 3111-111111111. 11,48. 111 1111111111
111111311111111.31111111. 11111 1111111111 111, 131.
1111.11.1111111 33111111 1111111131,138.133. :
31111- 311111. 13, 3841111111111 1.111111111111.111

· 31111111 3811. 3111111111 1111111111 11111. 111111111. 311. “

383.1111111111111 131111131111388.1111.1111.1
111113111388111111111111113111111111111111

. 383. 11111111.-111111111111111 11111111131111. ·’

111 1111111 11111383.

31111 1111111111 1111111111.111 31, 13. - 11111.
11111111 11111 31111. 111111. 11. 31111. 11 11111 111 11111111
3111111111. dise. 11, 428.

1111111 3111. 11111. 31111111 1. 31111111113111111) ’
111 3111111111. 1, 313. 31111. 1. 3111. 1131111111111111.
31111181. 3. 31. 311, 333. 1111111111111. 331. ,

31111 1-1111111111111111111 31111 11111113 111 111111

 

