’ 777

1. 7177 717 777 77777 777. 77777. 777777177777777777
677777 77777771. (1777777177 7771777777 lv, 777.
7777777777 - in 77777777 -7777777 777 77777177 777777.
ι 717 777 77 77777777 ist 7777 77 [7777. 1,172. ,77777 7777 777 -
7. aug. 7777777. 777 -77 77777 777 77 missen, 7777 7777
77777777 au 77777 7777. m 111, 17. 777 77. 777777. 7777
777 7777 777777. 77777 77777777 77777777 7. 77777. 77. 77777
7777777777 777 - 7777 77777 777 77777777 77 11, 247.
’7777 ι’7- 7777 gutum 777 77711. 777 777 7777777777 777 &eida-

· 7777777 7. 77777777ιί7. 77777 777777771777177777777777.

77777777 173474.

l 7777. 67777. 777 m. 7177177 777 bie 77777777. 7777777.
-·l‚ 1⁰. 777 - 7. 7771777177. 777 7177777777777717777777.

777777 bie 77777. 777. &figet 17. 777 7177777777 in 7. - 77177

777 7777. mit 71777777. 7777. [72] 77 77777 7771777777. -

ist 7. 7777- 711777 777 777777. 77 77771777 777777 [77] ie

7777777 777 7117777777 777 77. 777 - 77777777. 7777777 7777 ζ
17777777 77777 77 77777 7777 77777777. gu 7777777777 77. 7777 ,

· feben 777 11777771. 77777 77777777. ιἰι 777 77777771. - 7777.
771777 171. 777 7777 777 777 77777 71777777. 771777 717 77777

777777 77 7777777 777 777 71177777. [o 77777 717777. 77 777 - , 3
777 7117777777 77 777777. 7777777175. bie 7777. 777 Se(- · ζ
777777. 177777 777777. ι’7 7. 77777771. - 7777. 77. 11, 287. ¹

71777- 777 - 7717 777777. 777 7117777777 777 7771777 Ν, 47. 3
777 7777777 ist 7. 77777. 77777. ιι. 777777 777 777777 · 4

227. 77 77777 777777 77771717. 777 7. 7777. - 777 7777 37777. ¹

77775771. 777 7. 7777. 77777777. 228. 777 gr. 7. n. ssrieb·
777777 777 m. - 77777. 7777 77777777 777 77777 777. unter-
77777. 771. 777 7777777. 71777 777 - 727. 777 7777777777
,777 77777771. 717777 7. - 777. 77 7. 77777777. 777 77777. ιι.-

, 777. 449. 7777 Qut.. 717777. 7. 7771. 777777 7777 777777 (7777, ’

7777 7777 777 - Vl, 75. 67777 777 717777 777 - enimes. '

Ι »(717 mm) 11727. 74. in 7777 &ingemi 7777777777·

177777. 7. - 77777777 7117777. 7. 777777. 117. - 777 77777
7777 777 7777777777777 magmas 1v‚· 17. 77177 ges.

 

