m

11011001. 0800 8001000000οι 000011, 884. 8101. 8000000010,

28⁵. vi· 0100100οἰ00 vl, 9. 8000. 30800000 111084.

x 000100-000000 0000. 08001000000 800 30000000 800·
0000000000, 8000 00000. 0000010 0000000. 00000οι00 800·

0100 ι. 1080. 00000000 001100 ll, 484. 010 0000000 00000 01. ’ ⁵

0000. 000 00008000 100000 810 8001008000 ’800 · 0080811·
000 100000 00. 488. 00000 800· 111, 00. 800 000. ιι.
01001.·08001000 000000 0000008. 0100100οι 110808·οι
0. 8000000. 8000000000 8101008000 8001000000 0000010001.
’ 1,100. 18010 00 8101 800 ιιιι 010000 8008880000. 8000000
’ 8000 001080 000001. 0010 00 8001. 100.

00000000- 00000·ου 0010000011, 488. 000000 1000 ’
000 000 00000· 1000080000 010 000 00000100. 00.οι0 000100
111, 00. 8100000000 0000000000 vn, 80. 00000000000001
00000 . . 30100000 111.

8800000 800 8000000, 001001. 0001. 00000οι00 1, 80. lv,
181. 00001 800 000008000οι0 · 11, 08. 00100. 000008 00000

.’ 000000 1080010008. 800 ·“ 800001 00 00000 858 0. 00000. ,

000000 800 -Vll‚ 11. 0000000000 8οι 000000 (000000-18.
. 01000 0001100080 000οι080000 (08001. 8800000000.) 08
08000000 - 800 00000000 800 - 000 01000 00800 800
8000 0000. 8000 0000001. 0001, 110. 0001000000 000000 -
’ 800 00 000 00 000 0. 00000. 000000 0801100 000 000000110.
0000 00000.οι 800 00000. 01ιο0 010010 0008 0000οι 000·
11, 18. 00801 0000 010001· 0010001000) 1810. 80000000ῐο00οι
001000 00008 8000080000 0800 0000000000· 800. 800 010. .
-800 8008800 00. 00000 801. 0000000 00008· 808. 0000000
· -00 00010 01 00 00000800 00 00100000. 000 800 0000100000
- lv, 41. 800 000 800· 0000 0000000 0000800 0000 [400.
Bam} - 8100000000 0000001000008800.0000000010808-’
0800100000οι0ωο 000 0000 800 0000000 00 8010000 11, 84.-
800 0100000 8000000000 00000000 11, 808. 11000000ιο 800·
(φιλοσοφία paceni) 1'11 080 >Ubi Πῌδθ. 6800000110 080

0000010000 8000010 000 000 bd). 808 0000000000 0000 800Ι ’
00· 00 00010· · 11, 804. mou. 0011000 0000000 800 8101. .’

 

