111

11111111 1. 1111111111.
11111111 1111111 111 11111111, 111. 111, 4111.
111-1111111111 1. 11 11111111. 1111111 11111111

ι 1111. 1111111111 1. 111111. 111111. 11111111 11111,

141. 1111111111 1111 &ott 111111, 11 1111111. 11111. ,
111. 219. 11111111111- 1111 1. 1111111 1. 11111111.
11 111111. 111111. Vll, 2115. 111 11111. ..11 1111 1.
11111111. 1111 1111111 1111 (1111111111111 1111 111
11111111 11111 1111 1. 1.-1111111. - 11 1111 11111111 1.
1111, 41191 1111 1111111111 111 1111 111 1111911111
1411] 111111 1. 11111 1111111 1111111111111 11,
144 1111 11 111 Vl, 111. 111 - 1111 11111111 11111111
11111 11111111 1. 111 1111 11., 111111. 1111111111.
111 &dacin 111 · 111111 111 1111111111. 111111 11. vlu,

. 194. - 11111. 11111 1. 111111 (1111111111. - 11111 111

11111 1111 11111 (11111 111111111111 1, 111. 1111. 111.
(1111111 1111111. 111 1111111. 11111 1. 1111111. 11. 1.
1 61111 11111111.1111111111.1.; 111. (1111111. 111. «3.
(111. 1. 11111 1. 1111. 1. · 11 1. 141. (111111 (111611.)
1111111111 (11111 1111 .. 111111. 11111111 111. 111 111111 ,
1. ·1111111111.111.1]1111111 11. Vll, 41. 1111 1. 111
- 11111 111 111 11 11 111111111111111111.111.1111111
11111111111111 1, 12. 111 11111111. 111 1111111. 1. 111.
-. 11 1111 gu 1111111111-1111111111111.
111. 1, 81. 1111111111 111111. 1. - (1111111.ἱ111.)111,
1111. -1111111111 111111 [111111. 11111]
Υ111, 111 W, 111.

11111111111-11111111111111 11111 - Vll, 111. s , ἵ

1 - 111111 1 1v, 111. 111. 111. 111111. 11. ’
11111. 11111111. 1111 11111. 111 121. 124. 111 111111
61111 111 111-121. 121. 1111111111611111111111111111.
1111. 11 1111. 1. 11. 1111111111. h 111111. 111. 11111
1111111 11111 11111 11111. ὓ1111 11 111111 11111 1111·

 

