‚lae '

1666.. 6. 1616116 61661 td> 6. 6116111661. 1, 666. 166 6611661. -
11666 -666661 1. 116. 1166161611. 11,192. 6666616· 666 ,
666666161666611616116.

666616. 6. 661666 611 66616661 16 116116 16666616.

· 6666111661.16661.16111. 6116. 6119 666 6666616161. “

1661616116 l, 296. - 1116611666161. Vl, 122. 666 11116116
6. 1111616111 111 -, 61161 11116666 6. 666116 166 (66169 616616 .
911261. 16 - 1166616666111111 611111 616 6. 2116611116
, 66116111 616611 416. 166116 66661 - 16. 1, 622. · 111616
6616 66. 61111 1616 {nigei 2c. 111, 21⁵. · 161661 661. 11.
161. y, [16] 116 (6166161661 111 111116 6666 1. 2166116 219.
166111-6.16611 666 1. -, 16 6. 666. 6116111161 1, 216.
,61161116 -· 116161 1161666 3¹¹ · 1166 666 666 6661
6666 61166 1, 6211.
- ’ 1611161- 1166111161. 6661116611. 616 - 6116666166·

Ι 166166 666 66661661. 61161 11, 124. 666 116.6166616161616

611161 61111 gu 1. 6666111. · 16 1611616198. 1611661666 -6
’ 616116 16 66166666611661666. Vn, 122. -16 6661116
6616 166. 619. stant 116. 6. - 616 6616666 6. 661. 111,
, 269-229. 6111. 11661616616 11661 616 - ac. 221.

(6161611161. 66116 61666666 616 161661 vll, 166. · ι

2 Ι6119161111661 - 611 66166. 616 666111. -611, 66. ge·
661111. 66111. 61611. -16 6666116 2196. ..166

16611666661-·66661. 6. 6. - 6111616191 ll, 269. 666 “ ¹

gegenmiittige 11666661. 6. 166166 6161661 1, 96. 616 (6611

-- 111666 9116166. 616 161666 616 16166. 6. 361. 126. 666

3. 6611. 666 - 6. 611116 66616161. 11, 212. 661 666-16
61611. 1116. 1161111 6661111111 6611. 1661161. 6. 616 6161161.
auf e· 666161. 611111 ibid. 666 (6161611 666 (661116 616
93161. 616. 61116 -3 666 611161. (66616 161161, 19116161 666..
661 66 666 - 666. 1616611616 161616161; 666 - 11 1.
66161116. 116611 16 666 116 6. 611111 61611166.11661616161
6111626. 611 &numne 666 - 666661. 11. 16166666 611661.

affingat 616 666. 626. 1161666166. 616 ι. 1166661666
616 66661 1116 666 3. 111126· ·

 

