444. ’

.ώΜΜΜΜΜΜΜΜ4
6444444444 lv, 464. 444444 444 444144444444 46.
ιν14448444444444 414, 464. 4444444444 4441· ·(44144)

μαθήματα παθήματα vl, 81. .
44444444444-41444444444444. (144644) 44444 4444

fmwmm.mmmmm
³ 444 - 4444444. 4. 4. Vl, 466. 644444, 4444414 44

4444414444 4444 414 ·‚ 414 44444 44444 44 444444 u. 44
4444. 444· 41444 441444 6444444. 444 444 -, 44444 4444444
· 644144. 444444. 444 44444 414144. 44444144. 4444144. ze:
, 444444 444, 6. 44444 414 · 44 4. 4444444 444 444414 44·
444444 4444444 444 444 4444444. 44444.. 4444 444. 444
,4444444 4444. 4. 444 44444 444444. 444 - 44444 444 ·
444 414444 44444 644. 44 44. 446. 4444444444 44 444444

. 4444 444 44 444 44444444444444414 444 64444. 44444 444

444444 4444 444 444 4444444 v1, 466. 444 4444444414 444

, 44444. 4444444. .444 4444444. 4444444444. 44, m. 44444.

44444. (444 44444 414. 544.) 444. 444414 44 444 44444
4444444444. ,4444444414444 4144 44. lv, 46. 4444 44444.Ι

·. 444. 44444 4. 44444. 444444. 44444 u· 446 44 444 4444 4. ’

44444. 444444. 44. Vll, 416. 644144 4441444441 444 44444.
(44444444. 4444444444 64. “ 1 ,
44144444 111, 14. formulae 4444441444 1444411.
4444444411 4444144 444 444444. 44144. Vl, 414. -
- · 6444444444443444444444444444(44444444014444.
44444444- 64444444444, 44444441. 4144644444 vm.
, 4444444444 441, 44. -· 6444414441 444 44444444 114444
44444 4444 4144 44 44444 44444 otis. 44 4. 414 444. 44

44. 4444 4444444144 6444 414 444 44 ι 4444414144, ss
6144444414 qui· desiderio 444. (444. 1444) 11, 446.

444 44444. dos 4444444 ib« 4444444 philon. 444 mim
4444 aa 4444 444 1444444444141. (grace 44 'burin 44
volt.) 444. 444. 14441. sect. 4441441444 4144444444 444,

444. ,4444 644444. V, 4444 4441. Vm, 4444]

 

