111 Ι, ’

= 141. 181 1111111851111111111111111 11111 (1181)
111141141511411111 11111111 1. 1111111 1111 1. ,11111111 111111
1111111111111111111·.111 1. &egen 111, 181. 1811141.

[111111. 11111111 186. 11111 1. 1111 11111 11111111 (111
Ι111111) 3411. Ecce! ’1111111 do men 11111111 11, 159 11..

’ Roman 111 aa 111, 151 155. 1111111111. 13111. 1111111.

1, 11. 111 1111111111, 161 1111111 1191. 1, 51. 1111
ed). 511· 11111111. 1. 111. 111111. 51. 181. 11111111
¹ 1111 1111. 114 »1. 111. 111111 11111 1111, 1. bam. 111111,

111 111111. 11111. [181] 1861. 11111. 1111111111. 1118.

,1,191111,111111111111.,1111.111111111111. “ Ι

111111. 1111 1. (11111 1111111111111 11 1,111.
8111111111, viat, 1111111111, 181. vio si 111111111111111.
161. 11111111 11111. 111111 111111 111 111111, 64. 1111.
1111 1111 1111111111. 151. 1111111111 115. 111 1111. au ,
11111. 11 1111111111 11111111, 1161 1. 11111 111. 1119.
11, 161.1,19. 11111111 111. 158 111 11111 (11111141
11, 189. 191. 11111 3111111111, 11111111 1111111111..
11,15. 91161. 11111111· 111 11111 1111. (1111 11111111)
111 11111. 111 11111111 11, 1111141. 1111111 11111441

111, 1611. 1811111111. 1. 111111. 11111111111111.
1111111111 l, 181161. 1111. 111. 411416. 111, 191.
115. 111. 1. 1111. 11 1111111111.1,1641. 1111111111
1151. 111. 1111111111, 111114. 111, 1111111411,
14119. 18511. 19111118. 1111. 1112111114. (111·
11111111 111 1111 1111111111 111, 41. (11111111 1. 111·
111111111111111. 1111111111 (1. 1111111111) 11, 11 1,
191. 111111 111. 111111 164. 169. (1111111, 1111111. 11,
661. 1111. 144. 1411411111. 111, m (11111111 111
ὓ11111111,2111 bet 1111111111511. 11111111 vn,
118. 11111111111111. 154. 1111111111. 111 111111. (1185)
18 - 1111111, 191. 161 1111111111 11111 111, 151. 111 ,
11111111, 11111111. 11115. 111111 1111111, 111
11111111 118. 111 1111111111 11111. (1185) 181 (131 1.
, ug.

 

