991
3111191111 9911919119 1, 811, 99191199 1199 9119999119Δ ἶ
19, 2119. 911 - 111 61111111 193. 3119191111 919 en·

1199 1, 99. 3119111911 9112191111911111199. 3919111999 3

,911 »9119191111 19, 225. 3199111199 91191991191111911,128.
1911911119 1191 191111 91, 29. 1111191119, 191.
11911191. 11911199 19, 91159-31111119111 1. 29111.

‘ 3191911 9111911 (1. 11991111.) 19, 258.

’ 311111, 9111111111 ιν, 99. mn, 199]

3111111114- 911 99111. 1111911911211911911 911111. ³
'¹ 911111 1111111. gu · 11111.. 1111111111. 11911. 91111. l, 991Δ ,

111119 919 e. · 911 1. 9911111 111119 11.-1(11111’111111)142.144.

9199911111191191129111911 9119111111 9. 911 ὓ11ς11111111111

9111191111 111- 11158. (1. (9191111911) 299. 9119111 111 iiber·
111111 ..2111911111- 911 11111191 1911 1199111119), 11111.
99.1111199119.11111111...11119111111 99 911111111111191.
1292. (1. 9111911) 281. 919 11111-1911111191199 911
21111. 1111111111191191911 9191991119 296.- -111 29191119
mit 91111111-111 9111 29 19111111 19919 111119 919 1111111119

· ’ 9919112911119.411. 412μ911111191191191119 9113111111

,9991919111 9111919191911 111232. 1199911191 (199 99919919-

’ res 9119 les signos de 19 taison 19, 153, 9111999111ιὸ

. 9911111119 1111111 91111111. ιιι - ιι. 9, 218. (1. 91111191)

J ιιι, 19911, 119. .111991111111.ιιι,ιι. 19111111.

111111. - 911 9111111195. - 911 (9191111191. 9111111911.
1111111111 ··ιι. 1111111111 911, 191. 911 1111911111 9311191111.
911111, 9911191111. 911 911111, 119. 91111 ιι. 11, 1119. 1111
·19111-91191191191.3111.9 19, 291. v

3111911111,11119111191111119911911911(1. 6111119111)
1,]92.111,.1121. 9996911191119999111991119919911291119
·,111, 991111 91131191111111 111, 121. 911 11111111 91911111
1991 9111111111. 3111111111 911, 111. 1111111911 3119111111·
maeffl,w. 1

31111 1111111- 9111121111. 1119- ιι. 1,.195 (f. 2111111111)

’ 1125111

311111 1119 111111111111911 1911 1.(,191119111112

 

