ι M

4. 4444 4441,Ι 314. 4444 4414441414 444 3111443444 44

44444 44 4444441 14 444144 414· 44 44. (1. 34141435.
, (344.) 444 41444414. 44444· ·444 44444, 444 441444 4141.
Ι114144 4441. 64144144 (11111, 34) 4441 4444444444 444444
444 444414 414 41444 444414444444 4444 4444444144 4414
4444 4111144 144 4. 4444414444 444444 64141444 44444444
44 4444141444 3344144 414 0414 444 441444 11, 43. 414
1144414441. 1344114444 144414 44411. 444 · 44444 44444444 gc·
434414 4. 414 444414 44444 4441144444 44451. 34444
1444 44 444 · 444 4144444114 444 144. 414114 111, 111. 444·
44414444 44444 441444 444 34444444. 444 141444. 414441.
444 -44441441411414441144441443114414434444. 441. 3144·
444444441444114 414 41144 4444. 8444414444 4. 444. 4114444444
’444 44411444· 4 -44 4444444441. 384. 4444444444·

144414 444414 4. 444· 44 fid) vn, 394.
¹ 44444444111,249 11,.34 4444441441, 44. 44444
11344144 444· 44414444. 4444411144. 41444414 11, 11. 3414.
» 44441. 1144444· 441 444 444411 4444. 1441444 444
4414144441. 43. 4 §tut (1. 6414.) 43. 44444444. 4141444144
443 44 444 441444144144444 - 4. 41444444 44. 41144·
x 144444443411414414.- (ῧ4114414441) 2⁰5. 14 uago 4444444
du 44111444 X. (1. 6414.) 3311. 14 4444444414 4444414444
444· 444 4444444411 1. 444441 3414444444 444 44441443
111, 141. 1444 4444 4141141 4441444 414 144444 4441144
6444144ιί 4144444. 4444 44444 141444 434444 414444
’ ,1411134 ⁰1· =

Ι 41441144. 4141 4144414111144. ·
4 414444 - 3444441 4444444444 444 414444444414444
4444 3444444 14441444 444. 153 34414441· 441. 8444441
44 4144444144 (1 41144) 11, 143. 44 444 444 444444
3141444 44441414 441 4411. 4444 4444411. 4444 44444441·
8414444144. 444 344444444441441. 4444144188. 44141411

41· 41344 44 1 6444444414( 441 414 444ιοῖ 413
Ul

 

u.

