’[«ιιι

. 7777771178. 17. 71, 117. 7777 7771777717 711, 178.

7777177777 777 777777. 7717777771777. 274.
’ 777777777-7777777777777777777 77777 hle-111. ·
277.· 777. 7777777 777777. ιιιι 77777777 777177 (777
7777777) 7717, 247 7777 7777 77 7ιὲ (mamm. ,·ιιίι ιιι
777· 774. (7777777 ιι.· 77 7777777 77777. mit 777. 77
17777 71, 27· ιιι 777 7777 7777. 7777777777 (7777777777
18. ·, 777 77777777 777 7777777 7777777 777777 7771771777
7777 jebet 7777777777 777- 7777 47. · [7777777777. 77·
7777. ιι. 777777777777717711, 78. 777777. ιι. 7777777 77777 7777
7777 77777 7777 77777 7777 777· §rget 7777777717 7777777·
ιιιιι ιι. 79. 77777· 77·- -ιιιιι 777777 17, 279. 777
77777. 77777777777717··7ι7ι77287.·-7771777777

777777777777771777177777711777717177..71,77.717 ι

77777 77777· 77777777. 711, 77. 77777 77777777· 117.
7777· 77 7ιιι 777777 777 777777. 7777 au 77771777 777777
177777 77 7777777777, ιιιιιιι ιι 7. ,77777 ,777 7717177 777
247. „- 7777777777 7777777777 11, 717. 7777777 777
7777. 677777 71, 171 77777 7777777777 77. , ι ,
walth-id) 777777777777777777· 7177777771, 474.
7177177-77777777·ι7ιιι77777777717,779.777
777 17777 77777 77 7777 ein 7777777771 gut 111, 717.
77777-7777717777·ι7771,789.7777777777
777 tinet 77777 777 777777 111, 177. 7717777777 777
77717· 711, 119 x
7777777777 1, 799. 111, 77. 777 777777 §finget 777
77777 777 7777777777 77. Δ 77777777 11, 7477 77177·
(777. 7. Suc.) 711, 174. 7. 77777777.
7777771777 (177 777177 777771717111.
7777777777, 711, 81. 87. 7777777777 17, 77 ·-

, 7177777771299.

7777777777- 777777. 7777777777. bet 777. 777777·
ιι. 7777771. &meamne 711,]77. - ιιιιιι 777 77777777
777 77777 aum 77777777. 777. 777 7. 777. 777. 77777
ιι. 77777 777 7771, 787. “

 

