'¹521¹

44, 144. 44. 4444444444. 444444144444444.) 114444
4444144144 44144444 44444. 414, 84. 4444444444144444444·
4444444444 64444444 114. ¹
„ 4444444444 44. 4444441444 444. 44444444 44, 444

4444444444 444 44444. 4144444 44 4114444444 41, 4.
4444. 4444444444 .. 4444441 44444- 41. 114.

, ² 44444144, 4444444444, 14, 114. 444 ·4 44 4444444 ” ¹

.« 4441. 148. 4444 4444441444 - 444 4. 444. 44 444. 44444
4444 4 4. 444444 4444 44· 444 44444 414444 441, 44.

· ·444 444444 4444 4444 444 4444 (44444 44. 4444444444

j 44444444· ·44 144 4444444· 414. 4. 4444444. 114. 44 -

4444 4444144444 44444 112. 44444414 -44 4141, 444.1 , ¹

4444444 444, 44. 4444444444 4444444444 44, 444. 44.

44444 444, 44. - 4444. 414414 4. 54444. 444 44444444 s

4444 44444 11441444 44444414 441, 241.
4444444444, 4444444444 414, 144.
444444 4. 4444444 lV, 444. - ’4444444444 ΙΙ, 444.

Thaso· 444444444..Ι44Τ4444444 de 14 philon. JV, ,
4 44. 4444444444444.444444444444444.441, f. “

14. ·- 44444 4444 444444 44444 44. 44, 414.

4444444, 44444 44 4444444. 4144444. 14, 444. 44444 ‘

. «4444444 - (4444.) 144. 414, 114. m.

44444411, 444444. 44 4144444 - 44444 444 444 . ·

4444 444 4414444444444444. 4414444 44, 44 ’
44444444 444 4444. 4144414,144.’

. 44444 - 4444444444. 44. 44444444. 444 - 44414.)

” 4444 - 444 41444 44 ·4 41444 444 444. 444. 4. ,
444. 44 4, 144. 444444 4444 41. 44 414 4444444 444 444
444 444444 44444444 4444444144. 444. 41444441. 44. 44.
44444 444 444444 44 44441. 4. 4444444 ·4; 4444444444
4444444 44 4444444444414444144. 44444441 44444

44444 44444444. 4444414444, 4444 44444444. 4444 4444444 , 4

4444, 4444 444441. 4444. 4444441 4. 144 4. 4444444 444
44. 444444. 444 - 44 4. 4444 44444444444144.

 

