,
1
’5⁸

Boyl· lv, 1⁵8.

81111111 1111 111 11 1111111111 11191111 111111 11199.

18111111 11, 99. ι

111111, 1111111111 (111111 11111111 91, 71. 1111111111
1111111. 1111111 9912129911. 3291. 991. ·

1111111111, 111111111111111111 91, 11.

111111, 11111119,179. - 8111111111-19111111111,79.
811111111111111 111 .. 811111119117.

9111111111111, 1111111111 1114.-1119191111111111

8111111111 111 1111 19118. 11 111111111911111111
ξ1111111 111111 111 11111611111111111111111 - 11111 189.
91111111, .. 1111 1111 - 111 1. 91111111 911, 97. 11111111..
61111111 111· 171- 11111111111. 11111111 121. - 181111·

11111 (11111111) 19, 221. 119. 291- 91111111111 111 1. x

81111. 1, 98.

91111 111119, 115. - 1111111 (11. 911111 111111) 411. “

1111111111ι 111 111111 911, 81. 89. 1811111111 (111 1111111. '
111 111111 11. &uiget 11111111. 11.) V, 291·

11111111- 111 111) 11111 111111111. 1, 191-*18111111 .
111111 11111 1111111111 1. 11111 111 91111111 91, 29.

1111111111. 91111111 11 -1 91111111111191977.
, 91111 11111 11111111111119111111) 111111111117. ·

ffitiutcuss 1,19., , ,

1111111 11111 11111 111. 1111111111 111 11111111. 1, 1151. Ἴ
1111111911 1111 11 - 1111111111111111111..11111111111
1111111111 111 911111 1111111111. 11111111. u. 1111111. 111111.
1111111111. - 111 1111111111 9111, 19. 11116111111111111111
11111 111 11111111 111-1111111111 111 11,187. . {iumagau-
1111111 11. 111. 1111111111 181111 111, 191. namet · 111
6111111111 111 111. 92118. 11111111 1111111111191,288.
-1111111111-11111111111 111111 911, 71. 7181. - ffittefe'·
111 111111111 11111111111111. 1, 411. 129. 11111111 111 111111--
11, 111. (1111111, 217-919. 1111111111 1111111111111
911, 77. 91. 111. 9111, 188. 18. 1111 1. 1111111111. ·-
1111111111. 1119111111111111111 (1111111111) 911191-

 

