⁸64
111111 1111111. 1111111 11111. 111 1. m. 111 ’

, 111. 1111111· 111111 11111111 111. 1111111. -1111 1111 ’

’1111111111 1111111111. 11111 1111111 11141. 1111111

11111111. 1. 1111111θ111. (1111111111111111111111.) ’

11111111. 1111. - 141. 1111 1111. metunt. 111 11111111
(11111111. · 1. 111118111111111111141. 11111111. ¹

. 111. 1111111111 111 111 11111111, 1111111. ,111. 111111
, 11111 11111. 11111148. 1111111111 111111. 1. 1111111111

11. -1111 .. 31111111 11111111. 11,11. stringam·

’ d’un 111111 1111111111 111 participer 111 sang 11 1 11

chair‚1⁹uniform0 11111111111111111.1111111111 ·
1111111111 1111111111111. 111 ιιι.. 111, 111. 1111111
111 1. 111111. 1111111111 11· (11111) 111. 111

Γ 1111111111. 111111 1111111 uod) 111111 111 1111 1. 11111.Ι 1. ·,
’ 11111 1. 11 1111. 11. 11111. 11111111111111111111111

111 111111 .. 11111111 11111 111111. 11111111. 11111 1111·
11111 111. - 111111 11. 41. 111 11. - 1111111111111111
1111111111-11111111 11111111. 1111111181. 1111111111.

111111 111111. · 114. 1111111111111111111111.- 1. 11111 1

111111 1111114111. 1111. 111111 111111111111. 111 111
Ι 11111 111111. 111 111.· 11 11111 1111. 6111111. . 111111.
..1111 .. 11111 1111 1111. 1111111111. 111. -11, 11111·
11111· 1111 1111111. 11111 111 11111111. 111, 111. 111 111.
· 11111111 1111111 11111 111111111111111 1111111111.
1111111111 111 11111111. 118. 1. 11111111.
= 11131111. 111· 111 11111ῢ11111111,181. 111 1111

, 11111111111111111111 '- 1111111111 1111111111. 1111111.
111, 111. 111 1111111. luge 11. 1, 116.1111111111.1811
111. 1111111. 1111111111 11111 1111 111 1111. 1111. 1111111
11. 11111111 111. &inge 11111111 1111, 1111 1111111111,
-888, 11111111. 1111. 1. 1111111111. -

1118111111. 111111 111., 1111, 11111111111111111-
11111. 3111161111 11111 1111111111. 111111 1111111111 ιι.
111. lv, 111·- 1111111. 1111111111. 111111 11111111 111
111 1111111 111111111111.1.·1111. 444. 111 11111111

 

