1
.1,⁸
1

2 , 111111. 11 1111111111 1, 111. 1111111111 -1111.·’ 11111
1,1111.111111.11111111111 111 11111111. 111111· 11111
11111111( 11111-11111111111 1111111111111111171. ‘
-111 111111. 11111111111111111111111. 11111 11111111.
11111111. (1 111111)1,·1 111 1111111111 1111111 11, 11.
. 111Ι 1111. 1111 1. 1111111111111111111111111111111
. -11111 11111111,191.’,111.111·, 111 Α
, 111111111111111111111111.111,11.11111111
κ(111.-(.161111 1111) 1111111111 ’ ·
« ¹ 11-11-11111111111111- 111111111111 111111
11111111111111111 1111111111 1111111111111,1111
111.1111111111·1111111111111111111.11111111
111111( 11 11111.1111111111111,1’71.1111111111 111
⁴ 1111111.111111111·11111111111.11111111111111
111, 118. ·11111. 1111111111. V, 171.
¹ 1111- -11111111111111 1111 111 11111111 111111· Q,

111. 1111111111 11111111111111 1111 Ι11111 (1111
1111111111.) 11111
‘ ’111-1111111111 1111111111111111 111111111111111
11111111 1111111 1111. 1111111111, 1111111 1111111.
111111111111111111111111 111 1111111111. 11111
1111. 11111111). 11111 11 11111 1111111111111111111
s 11111111111111 -111 1111111111 1111111. 1111111111,
, 11. 1111 111111 11111 1111111111. 111 8Q [1711
1111111111.. 1111111111111. ·

1111111111 11111111 1. 1111111111, 111. ’11111111
111111311111111111111111 11111111..11 11111 1.
11111 111111 1111 111 1111111111 11111 1111 1111111111 1.’
,1111111111 1111111111. 111 1111111. (1111

1111111)147.11111’11111 11111111111111. 1111·.“11111ι. .

11111111. 147. (147.) )1111111.11111 1111 111111111111111. ¹

111111 1111111111 1111111111. -111 1111111111

μ 1111111111111111111.1111111111111111111111111 ’
1111111111. 1111111. 1111111111 1111111111 1111 tvl-nm ¹

“ 111 111111 111. · 1111 11111111111111111. 111111

 

