¹ 111

1111865. ’,1111111 Spoech thouight‘· 1111111111,Ῑῆ
Μ mma· ‘⁰¹⁵⁰’ 1111Ι 91111111. 11111. 11111 1

. 1111 -’, 111 1111. 1. Qut. 11111111.. 1111 11. 11111 1111

111111. 11111. 1. angl. 1111 1111. 111 11. (1111111111. 1.
fo 1111111111 111 111 ·1111111111911,116. 11111111 3
11111111 1111. 1111111 - 111 1111. 1111 1. 1111111111. 5

ι m. 111 111111.. 1111 111 11111 11111111 111 1111111111. 1.

’ 111111 1. 11 11111111 111111 11111111111111111111111 ,
111111 11111 mit 1111 11111 11111111. 1. 11111111111111 1

· ,11111111113111111111119111111.111111.111 ¹

¹ ssiebttf. 111 · 11 1111111111, 1111111 111111 9. 11111111.
11111111 111 · 111111 111111 111. 11111. [11111111 6111 ,
1. 611111 9. 1111111111-11111 1111111. 11 11111111 1
1111 111 - (1111111 111), 1111. - 1111111 111 11111111.
111 1911111111. 11111111. mit 1111111119. 111 111. - 111 3
111111. 111 111 11111. 111111 1111 3111111111 1. 1311·

’ 1111111111. 19. 11111111111111111111.11111111111111, 1111

111 111111 6111111. 111 -, 1111111111. 1111111111.. 111
9111111111 111111. 11111111 11. ὕ11111111111111 111 -
(11111111.ἳ111.)19. 11111. 1. - 1. 111111. 1. 1111111
11111111111111111. 941. 1111611111 111. 111 111 · 111 3
11111111111111111111111. 111 1111111. 111-1. 11111 ζ
111. 3111111111 111. 1111111111111111. 4111161111 1
11111111111111 1111 11191111 91. 1111111 ·. λόγος
111. - 1. 6111111111 111 11111 1111111111. 1111 11111.

1. 1111. 111. 1111 §mtto 11111 1111. 1111111.
1111111111. 11111111. 111 · 181. 11111111 11. 1. - 282.

‘⁸ , 1111111111. 1111111111 11111111. 111111· 11111
11111. 11111, 1111116111 1111111111 11 [o 1111111111

. 111.11111111111111,11. 1111111111 111 1111. 11111.

111 fid> 111 111111 1111111111 1111. (1111. 11111 111111. - nu
11111111111111111111111111,11. 111111111111111111111 2
- 11111 1111111111 111111111111111. 111 111 Laconi·-
1111 1111. 9111111111119,111. 1111111111 9111111 111
·111 1111111111111111111111. 111. - 9111 ont

 

