’848

(811188 8881· 818 881811811118118811,18.-· 111118·
,wm.w‚m·‹
81111118 8111111 1111 811 81111 11. 111111 11111 111, 17

1111111111111111111111111111111111111,848.111,881,

, ,, 1 81111111 88 811111. 81111111 811111. 1778. 71. 4111111

81,78.118.81111811181811811 1111111811 8181811788 ’

&mmm ⁴ ,
811111- 111111 18888 8111111111 111111. 8111111.

· 1118111111. 1111118111 ιι. 8811181. 811 111111 1,171.

, 811 81111111 811 111 811 811. 1111, 11111111 11181111181111

8.881111111111.-; 111111 11111. 8818111111 1811118 11118
, ’1111181111111111818-811118111 8111. 1111. 428.

111811 811111 18 1. - ιι. 1818111111811· 8811111818 11 ,
11181111 8. 8111. ιι. 811 1181111. 8111. 111 8118181111.

11, 18811 18111111 11811118 111111 - 1111111111 8. 8181 ²

1181111 17. ιιιι 88181111 11111111 1111 md· 1. 11111111 111.

811111111111111171. 111-1111811111. 8111111111. - ‹

111111181111, 1111811111 1118111111,Ι 1. 8118111111 1111118111.
1111811118 111 811111811111111 78111 1118 11111111
11111111 1111. - 81181111. 111 1111111118. 11111111811118 ,
8111 ’111 111811 11118111 111111 1111 11111811 8111111111
8111111811 -111111188 1111111111,1111811111111,1.111ιι11“

'ss 11811111 11111-117. 8111181181111 11118 1111 1111111 ’ ”

1111 1111118 11111811 1111-11 ιιιιιιιιιιιιι 1181111118
1111. 811 1118111 8111 111 ιιι. 81. 11. 111. 11111- -1111

811 1111118118118111181 1. 1111811 81111811 18111111 ἒ

¹ 888. 1. 1111111 118111111111 1111 811 - 8111181181. 18
888. (848.) 111 11111 11111111 111111. 11111111111111111

1111111111818. 8111188111111811 111111 1118. 8111· ¹
1111111 811 -1ιι 8811. 111 1111111 11118 1111 1111 ιιι. - 11111

- , 111811811111.111111·1111811811881. 811811111111811- ⁴

11111111 8112. 11111111 -111111811 81111111. (111118.)
111 81111111 1181114118. 11ιι 18118 ,811 11111111.. 811 - 811
’ -111111 18111 4114. 11181111. 1111111111 111111111111.1.-

,8118111811 18111 11811111 811111 18 411 8111111811181 ι · '

 

