s 221
. 900011, 10. 001. 0010. 000 .. 000 0. 0000101000
-100001000001000 12. 000 00000- 000 010 0. 00000 ·
010000 1001100001111,400. 010 00000 - 11, 44. 11000.
ι 040. 00000 1010000000 mit 000 010100 0000 0000000000
000000 000 .. 13000010. 101. 0000 000 0000. 001110 10
10 000 ι 00010000 00 1. 11, 110. 00000100 000 00000 -Ι
(000 0000000100) m. 000100 010 fiir 110000 aum · 0000
000. 000000 111. 05011101. 110000 0100000, 010110100οι
00000 000 0 Ἤ. 000 - 00010000 id> 001 0. &- 0100, 0000
100 00000 10 -0 00000 0000 00 000 11001100 10010 111028.
’ 0001001110οη 01000100. 010100 0. 000. 00100 000000
0001000. 000 ..11, 04. 000 -“ auf 0. {st 01001. 011100,
0101110000 immet 0001. prem 100. 010 000000 11100010.
000 0100 m 0. 1000100. 0. -0 000-10100 1111, 4. 10100
11001010. 00 001. 00100001000000. 0000.. 000. 000000
0. 6001000000 ’10 11110 00. 00 0000000. 11, 204. -·
000 00010010 - 1001100 in 010. 0110. 0000 0. 0100001 000
&teme 00 01000 111, 50. ·- 1000011000 (001000000ιο
0010000 00011000 100110011,20. - 0100010000 100100
000 1300000011, 12. 0100010000101000 att. 60011000
0010 11, 010. 010 0000010 0. 000000 0101. 0000010100οι
1100000 . . 0100010100οτ 118. , ,
00 stylus curiae 000 0000000100 110111 0001 000
100110. 0000110000 11, 208. 000 1010000000 000 · 10
{Bergk 0100 1110. 11010000οα001εο 010 11. &tuffam 11,
202. 000 - 010100 0000 100. 1110οῐ000, 0000100001 0100
¹ 1000 0011. modu, 000 00101 00111, 00 00010 010 &aa 00
100100. 1, 200. 000 (000. 000 - 000 s. 0100. 00 110 000
0100001. 11, 20. mite. 101001. 600100100111111000 - 000

00101100 010001. 0. 0. 00 100100 0100000000. 000 Sub· ¹

00100000 111, 00. 0110100 001100 101010 001 000 · 000..
000 010οῐ001000 00100000 01000 00 0. 01001 010 0.
00000 001. .67. 0011000. 0101000 - 000 000 00010 010 j
11100101. 00001. 0101001000 000000. 0000020001. 010 011000 ,

000 000 00000. 10010000 0. · 00 00. ’00000000 01000 0000

 

