Ι .
ι , N ¹ ¹ 283 ¹ ἵ
11111111 139. -’1. 111111111111111111, 118. 11111111
111 11 11111 11111 11111 11. 17111119. 1 s
111111 111111111111111111111. 1111111 (1111111111
bwmmmmmmmmwmw
111 1111111. .. 11 f. 8111111111 111111111111111 1111111
111111. 111. 11111111 (1111) 111, 311. 1111 11111111 -

, 11111111. · 111 11 1111111111 11111111111111 1111. 1111
“ 1111111111 1111111. 111111 1. 1,.1111111111111. 111.

· 1111111111 (1111111, 111111, 11111111111111111111· ,’ ’

1111. .. 1111111 1111. 111111. 11111111 11. Vm, 114.

11111 111111. 11111111 1111 - 111111 11111 1. (1111111111, ·

, 1. 11111111. 1111111111 111111 1511. 111111. 111, 11. 1. 1111111
1111111111 111 111. 111. 1. 11. 11111. 111 11. 11111.
1111111111 1111 11111. . 111111 11111. 111111. 11111.
1111111111. 111 1111111111. 1111111111. 11. 3111111111.
11. 1, 1513111111. 11111- 61111, 111. 1111111111111

ι , ,11111 1111111111 141. 11111 1111. 1111111111,111.

1111 *11111 111111 1111111 - 1111111111. -1111111
in 1. 111, 114. 1111111111 mit mett. 11111. 11. 1118. ff
11111 -· 111111 1111. 1111111.1.111.11111111 111111.

ψψωωωωωωωω’

1111111 - 1111. 11111. 1111111. 11 11,41. 1111111111.
,111111 - 111111 11 1111111111. 11111 1111111111 11. 81.
111,,11111111111111111111111.1. - 111111 111111
1111111. 1.1111.-111,11.111. (M) 1111111111 1.
111111. ἱ 15. 11911111. ·11 1111111111. 1111111 114.

111111 - un 11111·ᾳυί donna 1111111111 demonstr,
clo 111 1311111, 111. 111111111111111111111111
11 quelque· 11111111 fila Μοῖιο . . Ν,’219. 1111111 ’
511111 1,.111. 11111. Vm, 111. 111 1111. 1111111111.
1111111 1111 1111111111. 1111111 V1‚11. (11)

111111 1, 1811411. 1111111111 11 11111111. 114.
414. 111, 1411111151. 1111 11111. 111 11111111.
1111111314. , ' “ ,

11111 1111111111111111111111 111, 1,. - ·

 

