11111

«6116116111 11111. 6161 11161111 - 16161111 11116111. 6116
111111 111 1111111. 111ι - 1611111161 11111111161611 111
31111111 11161661111116616 16116 1111161. 116 111
11111 111111 1161. 11. 461. 464. 111-, 1111116161111161
,6. 11611 611111 66111 1166111166. 111, 166. ,6111111111 ’
11111111 6. 611. 3111666161616661.
3111116 (6 611111.) lV, 111. ·

3111611 hist. 1111.·016(11111111ι.111111111. 11615.

“ 3111· (1· 1111111) 11. 164. 66116111165111.. ’
8161116111111611 111116.

61161111116(6.1116.)11, 11. 1116161161, 6116116 . . ᾖ

611. 11. 61611116. 61111111,11. 111 6116611611 61116
’ 661 611161 111 111 6111116 1116661..3116111111116111
’ 6111116111, 16. (1111661111611111131111 1111116611)

Ἴ, 111311611111166611 61616661161611166116111) y ¹

,11,81.

3116111616 111111 111. 6111611. 1111. 6161111111, 111.

3116111166 111 61166161.1616111.1,16. - 1161 1161111.
3. 1661111 161 111 1161611116. 161661 61116 ιι. 1111 1111.
61166116. 1111111111 661111116161666-161161111111,
11. 61111111116161 6616111111111611116.1611116
611116 111· 1·16 111116 61616111. 111111 661111 611116
, 6111611611 6116 61111 116 616111. 61111111116111

1161111611 1111111611 1161 6. 611111. 6111661116 16
11116111. ‘

’ 316161111,41.1616ι 111111111113161111661 11.
4116161111] ,

3111616-61161111-611161111661.-111 611

116 11. 116166.-1111111111111111611131166161(6.111 ’
11616111,Δὶ 111 3166611 61616. 61111611 ’
Reus-mem. 1111116116 111 6611611166 mit 111
61161 31116 116 61111. 6111111166 11111.. 11, 116.
(6111111611) 411. (6. 1111116) 416. (61111111) 111, 16.

31161111616111, 611. 6666. 1111161161111116116

 

