ι ” 111

(11111 -1111111, 1111111111 1111111 · · 11 1. 11111
11111111 -11. 11111111 111 - 11, 141. “
111111-1111111. -11,16. 118. 181. 111, 81. 1111, .-
11111 - 88. 1111111 1111 1111111 111 111. -11,111. ’

(1. 11111) 1111111. 11. 11111111. 111 1. (111111 [4111 ,

111 1111111111111111 (1111111 1113111111[411.1 111
11111111 1111111. 1111111111111 1111 111 ,111111 (1111111
(Initia) .. 1111 111. 11,1. - (1111111111, 1111, unu,

1111.. 111 111111111111111111,,171.“- 111 1111111111 ¹

111111 1111111 1111111. 111111111111111111111 1111111.
’ 11, 1111. 111 1111111111Λ 11 11111 111 1111111111 611111
111 611111111111111. 11111111111111111111.1.1111111.· ·
11111111 111111 111 1111111111. 11111111 111. 411. neue
· 1111111 111 111 11111 111. 11111111 1111 11111 11111111. 111, “
m. 1111111111111. 11111111111-111 11111111 1111111111. ‘

1111111111111 11113111111111 11111111 11, 181. 1111111111.
1111111111 111 1111111111111111111 111 1111111111- .
11111111 11, 31. 11 111111 11111 11 111 111 11111-
11111111 11 111111 111111. 111111 111 111 1111111111.
11111111 111, 11. -111 1111111111. 1 11111. 11111. 11 1111111
1. 1111111.11111111111.21111.11. 111111ι 11111. 111.. 11111
111111 111. 1111111 11 1111· 111 1111111111 1. 111 111
1111110111111111. 1111111111. 111811. 1111 11111111
1111- 1111111. 1111111111 111. - 11111111 11. 11, 111
1111111111111111111. 11111111. - 111 11111111 111111
131. 1111111111 111 1111111611111111111111111. 111111·
111. 111 11111111 11 - 1111111111. 1111 1111111-11

11111111 111 11111111. 1111111111.1113111111111 1111· .

111. 11111111111111111. 11. 111, 414. 1- 11111111οωί1
rurale 1111111.) - (11111111 111. 1111111111 1. 1111111
1111111111. 11, 7. ··· 1111111111, 1. ἔδαφος. - 111111
1111111.611111111111111111111111111111111,1111.
Gueux - Rois 111 - lV, 2⁰9.
1111111111 11111 11111. 111, 51. ’

611111- 111 111111. 11 - 1, 11.

 

