118 ¹

4444444444444411, 44. sarcasmo· 444444 l’Ev. vm,
144ι 444 - 444 444 4444444444 44441444 444. - 41444ςί14 ,¹
44 4444 lv, 44. 441. 444 444444 444 Ε. du j. 444.
41441444 444 on Prusae 154.

444 4444444444444444444,,,444 44444 44 4444 44444444
u· 444 44444444 4444 4444 4444 444 4. 4444444 444444.
44444 4444444. 444 4. 444444 444 neuen 4444444 4444444444
111, 444. 444 44. 44. 4444 444 444 ὓ44444444414444
44444444, mit· 4444 444 44444. 44. 44444 4444444444 444
, 444, 4444 4444444444 44444444 4444444 11, 444. 44. (4444 ·
444 4444444414,44.4111,184. 44444444 444 444444 44. ’ ¹
44444 444 4444444444 114444. 444. 444. 44. 6444444

vl, 14. 444 4444 4444 4. 64444 444 44. (44444444 4444 ’

4444444444444 4444444 iu 444 444444 44444414. 4444444.
14444. 44444444 444 44. 44444441, 84. 444 4444 44444444
444 ’4444 4144444 444 44. 4444444 141 f. 4444444. 44.
44444444 44444 44 444. 444 4144444144. 444 44. 4444444
u. 4444444 444 4444144414 4. 44444 4444444444 444 44444 ,
4. 444444 444444. 484. Α ·

44444444 444 4444444444414,’444. 4444 444 444 44·
444. 44444 444444. 44444 4444444 44444 -. 44444 444444
(4444.) 44. 1, 414 4. 3444444444444444, 444444444411,
44. (44414.) 444 - 4444444444. v1,8. 44444444-4144·
rum gont. vll, 1⁰8. ν

(4444444 - 44444444 · 444 4444444444 114444. mit ·

4444 444 (44444444. usurp. 4444444 44 44444444. 444. ,

444444. 4444 4444 · 44444. 44444. 44444444 vll, 44. 444
1444444 - 44 444 444444 44414 4444444 [1v, 414] 444 44
444 4444444444 44444 mit 44444 - Vl, 14.

444444 4344444444 41444. - 444 444444444443444
44 444444 444 444 44444 444 &migrat 1, 44. 4444444479.
444 - 444 44444 44 444 44444 444 44444 444 44444 44444444

84. 444 4444. 444. 44 444 444. 4444444. 44 e· · 444 mid) ¹

84. 44 44444 444. 3444 444 4. - 444.. 444 4444 44 4444
4444444 4. 84 4 444 - 444444 4444 444 4444 444444 be·

' 4444444 cotum 444444· 8 ,

 

