,m '

’1114441414841411448441411444411844. 1118811414 ’
11, 888. 1111411481844 11, 841. ι

,81141411Ϊᾶ441, 18411114 118814. 48818414114141441114.
114444448441414441111,194.1811414111. ’

Maxime· 18444114148144 81148141 6411111411 lV, 449.

nmmum .- 814 Ι441. 41811. 8481 418· 481. 8148.
4. 841114 4411141 lv, 489. ,4144 8141418. 1814. -111144
’ 11414411.’4.441111111,44. ι814 4411411· 84841441 1118.

¹ ιι. - 81141448148184144. 1414141848 lv, 444. 814 118·

’ 8411414 41444 8844148 ι. 4141· 41144441 814 414- 488
,41118 111, 848. 81144 418444. 81111141. 814 414 444881.
·obet 81114. 144 488111. 8414144481 144414444141441.
148488488.1’11,4. ι
nunnius 14141111. hominum 41144181111911.
. 8841488844 844 41414114 11, 81. .- 844 41111. 884.

&inber 4. 814848 1144 844 - 1. 4448111141 44 844148 ,
’ 449. 4144 4. 48184414481418 - 8111144 111, 888 14844 -

1411 48414411. 4. 148441411114144 14184 444444 ,11, 41.
81414 8441811844 4414141844 4114411411441814 1144144 4444 ,
Ι8418448414 41141144 44. 1811. 1411414 34814.. 84411 844

948148 1118111. 1141484844 44444 48448414 1118411 144.

- -1118444448448114844.1111141-181611111·4.8)11144 ι

81144 448. 414114414111448 -441441448111,81. 844
44414 - relig. 4. 44111. 414141111414148 .. 811 4. 1111.
4444441144 qm. 11448.
8488141144 41114144 4. 41111441.. (11411441.) 1818. ι
81148414 ·- 41814114 (841 6411.) 14111811. 414 814
’ 14444 44 8. 4144114 -44 44, 11, 84. 111414 84411 114
-81118-848 414144 e. 81114484 11888. 441.

111444- -81418441 ἀτρύγετον 844 414844 848 811444
4411144144. 1418 814..48111 1144 848 8481114 (84448) ,
441184. 411188- 414 418141 81144444 1484811 11,
114.. 1184141 8144. 1111141 884 848 841 14144 414114
“ 1144 844· 114448 (48 814 48141141 844 441.. 14 14148).

81814144111441441414 mur 819 ·

 

