1 888 ’ Ν
mmmmffimwwmffiff '
8888888888 8881188. 881888 888888 211, 54. 8818888888 888
881188 88888 8888888888 88 8. 11, 288. 88888 818 88.

8888888 88888 888818 88888 8888888 2111, 888. jebet - ef·
888 8281888888. 11, 899. 888 - 888 81888818 899. - 888 ,.

(8188118) 188888 88888 8. 88818. 8888. .’ 11,’ 81. 888 888888 ’ ,

, 88888 888 881888888888888888888888)ιφιλοπαίγμονες
285. 8881888 88888. 98888 bet· 12, 882 888 8888 ox

88881.122.88888888888888289 [881. 2111 ,2858-

’ 8888 888 28888 8. 88888.

8888 888 8888188188 888 818 9888888 888 8888. 8. 888 ’

8888. 88888 bet 81888 88 388888 88888 8888888888 888 “
888888 8888888888881888811,158. 888 88-(888 8888 8.
888881. 88 8.) · 888888 8888888888. 88888811. 8888881888
8812, 228. bet 1188888888 888 - 888 82888881. 88888
888888 9188888. 8888888 88888 8888. 888888 8888. 8. 88.
21, 129. 88188 888 8888888 81188-8818888888 8888881888
88888 88188888 8. u. m idiom. 8818 88888 qm} .a11et
8888818 bet 888888 88888. 88888818. 12,28 28(.881.

88881888 88 21.) 88881. 118888. 888888 88 888 88 8 8881. .

888. 888888. 888888 888 11, 12. 88888 888 tc. 88 bem
888. 911888 bet 28818 888 888888 8 881. 88888888. 8. 888
888888 8. 888888. 8881. 25. 8. 88 88 888 88888888. 888
88888888 88888. 8. 888 8888888888 88 88888 818 88888

81. 8. 81. 88 888888, 888888 88 8888 888881. 88 8888· .

888 ..185 8888. 88888818 8888 888 811. 88881888 12, 228
888 8. 8888888. 8888888888 8888888. 259 8818188881.
8888888.8.88.881888888.21, 15. 88888 8188 8888881. 8888. .
18888. 288818. 8888. 98888818. 11888888 88188888. 41.

mmmmmmmww
2888881888 8888 888 8888188888 12, 282. - 888 88888
8888888888 8888818. 8888888 888 88888. 1, 92. 888 881888
88888188- 888 888888. 8888811842. 8888888888 88888
888- 888 88888188 888. 88 bet 88888818. 88888 88888888
195. 8188 8818888 888888 88181888. 888888 8888. ’.888

12*

 

