ω,

666166661661666 66161166. 6661166661. 666 · 666 ιιι
Ι 1616666666 6611 666 61661 ιιιιι 161611 66611, ιι. 616 6116.
116116361166666616661161666 111 6,16. 11616 .. 11666

, -66666616661166-166166661666 611, 66. ιιιιι. 6166666 “ ’
6616616666 616 1166611666666- 666116166611611116

ιιιιιι. 6616661. 36661616 ιιι. 166- -11166116161 6166666 ⁸
66661611,266.

6666116,61616616ι, 16,66. 6. 66661. 661.61,6,’ ⁸
ιωι6ιιιῖιοιιιῗ16 6ιιι. 6666. 61, 61. 66661666 666661. 6666
¹ 661. 6666. 6 6 1166 661 6166. 666666 661 ιιι 6666166
66611666 ιι. 1611. 66 ι. 616616 6. §egen 66166 66166
661 ιιι 6666166 666 61666 66 3611666 666 6661. 666666

¹ “ 66 6166 666 661661666616616166661616166 ,

616666 611 6 666666 666 beta. 6. 666 16661666 16 “
66666 661 661 6. 66666 1166666166 61666 16 661. 666666
666661 111 611, 146. 6. 66 6161. (ι. 6161161666, 616,
’61666 116 616 66116116 66 6666166166 16, 616.
6616161666611616. 66616666. 66616116. 1166116 6166
36666166 611, 16.
*Dalm 166116 66616666ιί66ηο66616 11111. Sam. ' ι
’ 6616166.
· 66661666 saliens 666 66666666 ιιι ιιι &telo ι. 66·
1666 16666. 616 6666 1116666 661666 666 6. 666166 611616
ιι 1661 fid) 61661 616 16666661611116666.) 11,166.-. .
616 6661161166 6161666 66666 16, 166 -.- 661661. 616616·

'ff= 6666616666. ·

, 66666 - 666 6. 6166666. 11, 666. 6. 6611661116
6. 61666666 6616666. 16, 666. 61166. 1161666116 (6616.
611666 6666616ι666)61,16. 616 661666. (661.) 611, 66,
6. 666166. (611666.) 66. 6166166661 ιιι 6116666166.
lon 86616666· 66661616661666 6116166. 661. 196.-
ᾼιι 666 ,1666 1166 66616166161166616. (1. 666666),

6166161666. ’
66666 11, 666. ιιι 6666166 61116 ι. 6666 666

 

