. Ι’111 ’ 1 , ‚¹
’ 11111111111111. x
¹ 9111111111(9111.1.)11,111.11111111111111
911111111111111. -.1111 129119. -11111111111911

111111111111111111. 911111 (1.91111.1)199. 1911111
111119111.)111.119.111.114.115. (1991111111.)

1 - 11111111111911111111111111111.11111 111 -191 1111

1999111111 11111 1111111. 911111. 11 1111111. 1111111111
9111111. 11111111 1111111 11 1111111111.- 11111111 1198.
1111111. 111111111119111111 111 9111111111 11. 9111111.
11111111. 11. 11111. 111 111111 91111. 1. 1111 111 11111111.
9111111. 11111111 - 1111111 1111111111 11. [m] 1111. 911111
1119111111. 111 11191111111111. 9111111. 1111. 911
,111 11111 1119111111111191111111 11119111. 111.
9111111111-1111111 11111. 91111 111 11111. 1111111111.
114.- 111111111111111311111.111,119. 1111. 911111
‘ (9111111) 111. 119. 1111111. 9111111111 11111111 911111
1111111111111119.1.114.11111. 1111 911111111111111
9111111111111. 11111111111119111111114. 911
11111.11.1111.1111111111111111111911111) 111, 19.
¹ 111111111191111111111. 91111119.91111119111111111
1111. 9111911111 1111. 49. - hinet-doux orthographi6
1111811111 11141. - 1 91111111919111911111111. -
9111111111,11111111.9111111119111.1.111191111111
’ 991111 9111, 1111. lll, 191.
91111111111111111.11111. 191111...11111111

’ 111111 11, 111.

· 911111-9-11111111 11111. 11911111191111
9111111111111.911.1,95.1119111111111.-1 111111
&ott 1, 111111 1. 9111, 111 9111. 1111. 11111111 1111111
11111. 1111 111 11 9111191111111111111. 11 et 111111
9111111111 111111111111111191111111111 1111111.
9111111111. 111 9111111 991111111191111111111111
-111111191111 111111119111111113111111111911, 19.
1111111111 9111. .1111 1111- 1111111119111,199
911111111191, 19. 49

 

