²⁹ ..
Apollo 515 ion-nonu 11, 442. 511115 4411118. 55511115

, 15111555 555 515115 15515555 11, 518. 555 5155515 11555

8551555111121- 555155515555 55511551 1511
1155155111. “ ,
= ’ 51515515111511555111,258. - Apollonius 151155.
mmmfflmml- . ’
51511551. 5555555.Ι
,ΜΜ- -ΜΜΜΜΜ5ΜΜΜ
8181. 55555 51555. 818, 515 155 511555 181. 152. 515 5551
1111151. (185 551555) 5. 551155155555555551 1. 81511.
1111151. 8151. 5. 35. 5115 5151. 8555555 811. 81555 5151.
555 8155111. V). 1151118141. 51515155 555 81155511551151
. ' 488. 5111515555 555 5151515511, 4.- 5151511155. 555515
1 1515511115 11212118, 5558515551 188. 115155. 5151. 5. ’
85555511. (5151555151.)111,115.
¹ 5155111515515 118.
5151515- -555 85151555. 515551555555,- 11, 488.

’ 515151 11515558511515551 55511111... 815115555. 5555 ’

1118511 5555511155 5155555111282, 5155 5151 851155
515511. 555 81515551 5511515111. 15555551 188551. 555

,’ 11555 1151 555 8555551515 888. (111, 2218.) 5. 5115515 15 5 “

Set. 15115 115 551. 55551. 15 5555515155 11, 258. 55155
15511155 51515111, 5. 1551555151, 1555 15 51511 8151158
515151 11,111,- 51515115151115115, 515511155.85115111 1515 ,
5115511. 5155115555 11, 218. - 51515111158555151511211. ’
151155 5. 8555. 5515551511. 15 815115 8151155511 1155
115555 258. 811515 551. 5151. 8115555 11, 12.- 55555115

χ Principe· 515 555555555οοῖ 15 555511555155555511·

555 8155111511. 1555511551 11, 258
51511515. 555-. 5155518515511151111518115 111, 21111.
1115115515 1555115115. 555 551111 8155). ,1111511151 κ
1518 11, 8. 515551151εό 248. 555 1151585552121244.)
- 85511555 551 111511. 115 855155 53815555 5155 81511115
555 55555155 888. -551555 851551 51511551555 11, 882.

, 5115551555, 5155551515581551155 11, 51.

 

