‘2⁰5'

111. 1111111111 111 111. 11 11111111 1111. · 111111 61.
111111 -111 1. 1111 111 111111 61111. 61. ¹

111111- 6111111 1. 111 116 1111111111 - 11,111.
11111111111111111111 1. 111111. 111, 1411. 1111 111111 ,
11111111 - 1111 1111111. ia 111111. 1111111 1111111111.

Ι11, 4111. 111111 111111 11 11 1111 1. 111111- 11111111 .

,11 s. [411. 1111] 1111111111111111111111111118
1111111- 1. iu 1. 11111111. 411.

11111- 111 - (1111111. 1111111111.) 111111111111111
1111 1. 11111181. 1. (1111. 111 - 1111. 111 61111. 118
111111 .. ist 111 (1111111111 111 «11111111. 11,111. mo·
111. 1111111111. 1111111 11111. 111· um 1. 11111 1111111
111111 111.

,ᾐ1111111111 - double 1111111111· V11,111. -·'
‘ 1111111111 11, 1611· 111 1- 1111111 1111111111 11811

1111 -j- 111 11111111 1111111 - 111 11116111111111
11111. 1, 188. 111111. - (1111111111. 11111 studia (11..

, ment. 1111111111, 111111 11111111. eina„ 1111111 111111

111, 1111 1111111111. 111 1111 11111111 11111 111111
11111111111111 1111111111 11111111,111. 1111111111 ·
111111. 111111 11. 189. 111Ι »1111111 11111111 ist 11111.
(1111111, 1111111111 immet 11111111111111..11, m. -
11111111 11111111 1111 gat 11111 bie 1511111111 1111111
11, 181 1111111111 1. 111111111111111111111441.-ι
111 111111. 1111 111 111111111111111 1111111111. 1111
11,118.1. (bether) 111 111111 -11111 11111111111111 “
11166. unget. 1111111111· (1. 111111) 191. unget. -1,
- 161. 111, 116. 11, 111. (111. 11111. 1, 4111.) 111111- 1,·
s 11,-111 communie. 11111. u. 11. 1111111. ist 1. «haupts
1111111111. 1111111111 111111. 11111111111,11. 1111
111111. - ist 1. 1111 1111111111.1.11111111. 6111111111 111
1. 111111 1111111111 111, 1111. -1111111111 11, 511 -
1111111111 111 &orn 11,1111. -- 1111111. 111111. 11111 .
1111 1. 11111111. 111 1111111111 111 11111. 11, 111
111111. 11111 1111. -111,161.

 

