11, 11. 39991 ιι. 999999 99 · 991199, 99 99 vo!-
99 91199 9919 999999 9919 9999999 111, 199. .
9991999199999999911, [4991499. 494-499.

’ ’ (99 9119999999) 999. 999. 99 1999 99 · 914.
1199999999 (tu 99 99. 9999.) bnt 999 9191·
mffmm
999 99 1991999 unt. 9919 gosem 999 etum
9999 9. 1, 1991. - 99 ,99 9999991 99919 91991991
19999, 99 asse 99. 919999 99 9991999 111. 999
ist 99 (9999 919- 99 99999 9991999991 999199. ,
, 9999. 999. 99.. 9991). 991 9999991119-99
9999111111.
poem 99919 999 99 9999 111, 19. ,

9-999999. 99999 99 9999999919, 919. y
999999) (9999. 99.) V, 191.
919999 - 99999 99999. 99 9991. · 9 91.

- 99991, 141.

9999919 9999999999 9999199 91199. v
’ 999999 apologie 99 999. 1999. 919. V, 19 19111,
xmmmwmmmmw ,
199. 199. 9999 9999199 991. 19 9999 999. um e.
’999999 get. V, 41. 9999919191. 69991. 99199991,
111. 999. 999. 99. 1194. Vll, 199. 9199999999.
an 999999 (1111.) V, 9. (lm.) 19.
9991619999.) 9991. zu 99999999.. 999 999. be·

’ 9991 111, 991. 919991. 999 99999 9199199.. 1991.

99919991 (999 91) 991 ein 9999991 99991191.

999, 99 99999 999 919.199199.11,119 ·
9999991191 999 amar 9 9999991 999 9191 au 99·
“ 9991. 991999999199 91991111, 191. 99 ein 1919
99999 ’999 91919 · 99199 Vll, 191. mine 699 ein
99991- 99 9999 999. 99 999999. 99 sut 919
919 · 9999119 9 f. roparabilin 9919191 Eeho [⁶8

191.] - 99999 999 11999.

 

