111

unu 11111111. 1111111 1111111111 1111111· 11

⁸ 1111111111 . 1. 111111. 61111111 11 111111. 1111111.,

111 311111111111111111. 11. (1. 1111111.) 1, 111. -1
111 1111. 1111111. 111 1111111111 11111 111 31111111. 111111
11111.111111111-111111111 11111 (1 1111111111.)
11,111.-111111111111111111 11111 11111111
⁸²⁰ 1111· 1. 11111111 111.Ι 111111. 1111111111
6111111111, 11.
111111(1.11111111)11,11. 1111111111.-11111
11111111111111 1111111111 1111. 111111 11111,
-11111 111. (111111111111.
11111111111.111111.111111111111111111111111,111
11111111-1111111 1111 11111-1111 1111111111
111 111111 1111 11111 1111111111 3111111 111 11111111..
111111 11111111 11111111. 3111111111 111111 11111111 1111
bet 111 fid) 111111 111111111111111111111 11, 111,
1111111111 11 111 11111 111 111111- 1111 1111. 1111
lv, 17. ,(1 11111111,1111111111,111-.-11111111
111 (11111111 1111111· 111 11111111. 1111111111. 11111

111171-61111111111(111111111111. -11111111 ,

.1111111111.1.1111.111,111.1111111111111111111. ’

“ 1111. 61111111· 11. 1111111111 11. Vn, 1111.

61111. 1111111111 vu, 111. a· 11111111111 1. 1111111.
1111111111. 1111111111 11. 11, 1111.

· 111111 1111111111. 11,111.- 6111111111 1111111 ;

1111111111. 111 butte 11 11111 1111 111 · 81. 111 1111 im

¹ 1111111111·11ι11.111,11.- 5111111111 1111111

1111111111 111111. 11, 111. 111111. 111 -3 111 11111111
mit 1111111111 111 111. 11111111 1. 1111111111 1111.

111111 11111111. 111111. 1111111111 111141. 11111. 1. 111 ³

lv, 171 111111. 111 1111111111 - 11111] ’-· 6111117111

11111111 3111111111 111. 111. ·- 6111111111 111 11111. ,

11111111. 111-1111111111111 11111111 11111. [111111]

· -111111161111111111 - 111 6111111111 11111111

‘ 1111111111- 111111111111.) 1111 11111111 unt·

 

