,541

1111111111. 111 11111 111 111111. 11111 11111111
11111 1111111 11111111 ιιι. 11 111111. m. 111 11111111.
’ 1111 11 111 1111111. ·11111 1111111111. 111, 11. 11111·
1111 1111111111 111 111 6111111111 111 111. 1111111111
11 .. 1111111111. -11, 111 11111111 111 -111 11

- 1111111 11 11111 -11 111111 1111111111. 111, 11111111 ¹

11111 1111 1111 11. Vl, 11.

11111111 - 11111111. 11111 11-18111. 1. (1.
611111) W, n. o’ont 111 11111111 h 1111111111
faits, 1111111111· 1 ou 11111111 11111111· 11⁵2}

· 1111 MS πρῶτον ψεῦδος 111 Mt 1111 ·· at· 441. hit

’ 1111111111 111 11111 - 11111. tt. 441.

11111111 - 111 1111111111 111 - 1111111111 1111 11111
1111111111 11111111 1111111111 11111111ῆί11 ιι. 11111.
1. 61111111, 111.

111111- 11111. - 11 11111 81111111ῐί11. tt. 1, 11
prim 11111111 111 masten - Vll, 114.

11111111- 11111111111 11111· 11 (11. 1111111 1. 111·
11111111. 11111- (1111111111111111111.)11111.
111 11111111111111111 111111111111 11111 111111. -
m · 111 11111111 te. 111. 111 11111 1111111. un·
111- 1111111111, 11111 61111111 111 11111. 1111 11111

, 1111111 1111111- 11111111 11111111 11 111 1111111111

11111 te. 111, 11. 11111 ·1 ze. 61. 11111 11111111, 11
en 1111 11111111 mouit 11 ingemunt quo 1111- 111·-
mr nn plu 1v‚210. 11111 11111 1111111111- 111·
11111111111111111111111. m. 1111 11111 111 fam.
, 1111. 111 111 1111 11 1111111 111 11111111, 111 11111111
11111111· 11 111111 {m} m 111 111 11111, 1111
11111111. -1 m' 1111. 11 11111.1111111111 1111111·
111 111 111111 1011111111. mit 111 11111. 11111111. 11
11111111 v, 11 111111 11111 11111 - 111 1. 1111111111.
111 1111111111. 1111. (1111111111 11, 111 111 111111
1111111111. 11111. 1111111, 111111 111 micum-eme
11111111 .. 1111111111 111111 011111 111, m. 111 ms

 

