f ¹· J 23⁹
² 1111 - 1111111111 1111111111. 111111611111111111.

. 1111111111111111111.111.111111111111.1111111111 - ’

11111111111111 111111. 1111 111 - 11 11111111, 11111111
11111 11. mu. 61111· 121. 11111, 111. (1111111111 11111111
1111111111 &h 1111. 1111111111 1111111. 1111111111.
zei 111. 111 1111 11. 111111- 111.111 111111 11111111 un·

11111. 11111 111111111,126.- (1111111111. 11111 1 ‘

111111.) 1111111111 111 111111. 11111. - 64. 111111111186. f
1111111111- 89. mit 11 1111. (111111. 11111111 1111111111
·1 99. -1111111111111111, 191 111111. 111111

11111111 611111 111. 11111111111111111111111111111.. '

111. 111111 111 1111 1111111111. 11111111. 1111111111.
111111. 1111 11111111111161111111118. - 111111 1111111 .
121. 1111111111 111 11111111111111111111. 1111111111·

“ 11111 - 111. 611111111111111111111111111.1. 111· .

“ 164.11111111111111111111111.’11111.111-119. (111. ’
191.) · 111111 11111 1. 11111. 111111 11111 1111 1111111111

111111 1111111 1., 1111111 111111 1111111111 1111111111 1.’ “

11111111111111111111 1111111111. 3111111111. 111. -, 111
111 1. 111111. 111111 112. (1111111111. 111111111111111 ¹
un· 1111111111-1111111111. - 1111111111111111111
11111 61. 111. 1111111 - 1111114. ’
’ 1111111111 811111. 1. 1111111111111111.1.1111.
Vl, 119. 143. Vffl, 825111.
¹ 111111 11 1111111 1111.91111111111111111111.11111
11111 4111 1111 111 11111. 11111111. 11111111 in 1.
11111 3111111, 1111111 1111. 11. 1111111111 1111111111.
1111111, 111. (111189.) 111111. 11 1.(111. 11 11 1111.
(1111 111 111. 1111 111 1. 11111111111111111111 et 11218.
1111· au 1111111. 1111 11111 111111111111111111112891-

1. 1. 1111111 1111111 e. 1111111. 111...111111ι. “
1111 1111. 11 1111. 11111 1111111111 11111111 11 11111111
--111 11111111. 1111 111111.. ’1. 111 6111112111 11
1111 11111111 1111 11111 1. 11111 11 11111 111 1111 -1111 ,

111111111111.1111.1111111111111111111111Μ.» “

 

