’111Ι

Mese 111111111- -111111 111 1111 1111 111 3111111 1111111
611111111111 15. 19.

1111111111 11111111 1111111111111111111111111. ’111111 ·
’ 11111111111111111111-111111111111,91.11111111.

1111111111 11. 1111111 111111 111 1111 111111 1111111 11111111

1111111111111 11. 114. 1. 1111111 11111111111111111 1111111.
- 111 1111111111 11111111. 1111. 1111 111 1111111, 11. 11111111
111111. 111 1111 111 1111 11111 111 1.1 1111 1111. (111111
11111111 - 11 111111. 11111111111111111111111, 1111111111.
11 11111111 11111 11111-11111111111 1111111111 1111111111. ·
1111111.11111111111111111111111111 11 1111 1. 111 111
1111. 11. 11111 11111 1111111-111, 142. 1. 1111111. 111111.
11111111 191. 111111 1111. 6111111111 111111 11111111.
1111.1111111111111111.11111111111116. 1111111111.
111111. 111111 1111111111. 1111111 11. 111111111111111.111·
1111114. 111· 1111 111 11111 11. 1111111111111111111111,
111111, 11111111 1. 1111111. 1111111111415. 111 111111,
1111111111.111.111111111.11. -,1111 1111 1111111111 1. 111111·
111111. 11111 11 1111111 451. 111 1111, 1111111 1111111.
111111- 11. 1. 11111111. 11111111 111 11111. 1111111111 111
11111111111111111. 511. -1111 1111111 111 1111 1. ι111111·
Ι1111111111111111111111 1111. 1. 11. 1111111 11111111 11. 1111.
1111. 111 11111. 111111 111. 111 111. 11111111 1111 11111111
. 611111 1111, 11111111 111 111111 11111 11111 1111. 1. 111
1111 1111 1111 11. 511. 11111 11111111. 1111111. 111 1111
1111 1111111 11111. 11111111. 11111 -1 1111111111.1111111 ..111
1111111 11111111 ll, 11. 111 111 111111111 1111 111 111111
1111111111 111 111. 111. 11111. 111111111111111.. 111111
11111111111111111111111111.111111111111111111111111111.
31111 1111 1111111111111111 ῦ11111. 1111111111 11. 111.
1. 1111111111 1. 1111111 1111111111 4141. 1111 11111111 1111111
1111. 11111111 11111 - 1111111111) ,1111111111111111 111
, 111 111111 111, 111. 11111111 111 1111- 111111 1111 11111
1111 11118. 1111111111111. 1111 - 11111. 11. 11311111. 11.
11111111 11111111. 111 1111111111. 11111 111 11111 1111111

’ἱ 111111111111111111111 ' 12 ·

 

