140

,,

000-90 04. 000 10100 01 01000 00000- 0000 00· ’
geben 0111010100 0000 010 010010001010010.1’111, 280.
00000010 100100 010 000100 000 (0010100 0. 0. 100111 9100
0010 00100000 001101, 074. (0010111001. 0 900001101011190.

0010101100 00, 000100 000 000100110101.1,100.-
010 00000100. 910100 101 t. 1100000 00100100001188.

’ 10010. 9100010000 010 0. - 000. 0100001100οι1 00010001
11, 28. 0100001 (00101 10001010 00 010 10000 1101000000 -
00 0001100000 11,,240. 0000100100 000 - 008. - &ein A
0000000000οἠ 007. 00000110. 11001100. 01001 0010010
00000000 247. 0101010010οῙ0 01000 1110000 0. 010010·
0000001100 11, 09.

(0010- -000 010100 00001 000 01100001 000- 001. 00

’ 01111. 1, 1111. 4100000101001100. 000.- 0000 01010000
0111001100 000 hung. 0. 01. lv, 20 9100000-911,01. ,
01. ’000100 010001 001 110001100οΘ 00100 000 -, 1001000
010 0100111100 0. 00100000000000101. 0101000 00 001000
0000101 110270. 0010 -101 000111, 01. 0000100000000000
010 01001. - 111, 220. 000 (00101000 ist 0001 00 00000 .
,010 0000. 001. 910010.

01010 1001010 000 0110000000 0000 0. 000001 1, 10 0. ¹
000 001 010001. 000 - 111, 400. - 0000 110 01001, 10011100
101000 000000 92, - - 0. 000. 10 0. 010. 0000000100.

010 000 00100. 11, 100 0. 0110. 0101001101οτοο IV, 102.
010100001οη0 00 0000, 010 00001010 0001000110 V, 5⁷·

0010000001, 0010 1, 292. 000001000100111,-00.
-0000101011,017.

0101001101οί1 10100000 Vl, 01.

0010000001011- 000 0110 0 011000οῐ0 00001 01010000.
000- 00ος 0011100100 0110 0000100610001, 127. 010
01000100. 00000100-11, 14. 010-1010 01000010.
000 0001. 00. Vm, 010. 000 0010 000 - 0. 001 0100 11,
1110. 010 1111000010 000 fd). (000000. 1010 010 1101. 000 -
0101001101οη 109. 0100 0001110000 0001. 0. 1100. 101 0. 0.
0100. 001000. - 0100010011 00010. 174. -010 - 0. 11100

 

