ἱ y 440
000000 00000 0000 ma 00000 enm 000 000

8000000. 00. 1788.) Vl! ,.8810
00000 000 000000. 30000000 000· Vn, 80.

’ 0000000 0 8000 000 8000000000 0000000001, 840.

00000 0000 88000 00000 00000 0000. 08000) vn 04.

0000000 000 0000000000 0000010 lv, 00. . ·

Rollin 0000. 000. dos Egyptians, 800 cuth. 080
Ι800. 1840. 1, 481. “ ·

80000 00 0000000000000 1, 004. 0000000 00 8000 0000 ’

“ ·00000000000. 0000000000. 00, 008.. 000000. 8000000000

00000000 400. -000 lenge 00000 00000000 0 800000.
00000 00000000 008 00. 00000. 300000000- 0·,08 80. Rome
μ]0000(0.8800100) 158. 00000. 000010000ᾰῖ08. 008 uo
000000. - 0000 00000. s. 800000. 00000000 [8000] 00060000
0000100οτ000 00000, 0000 000 00000. n. 0000000000

·.=e 00000 80000 01040- 000 0000000000 ιι 00000000·
08000 000 8000000100,

0000 0000 0000 000000. 000 0000 800 met 00000 000 ’

000000 00000 00000. 08000000 00000 00000000 0000. .00.
0000000000 000 000· 0080000000000. 101, 01. 8000000
0000000 000· ·0 00 0 000 88000000 00000000 00 000 00

0.08.00000 {msam 881. 000000 0000010000 000180 .

maius W, 168. (Meduli n· fn. f· 830. ΙΙ, 27. 288. 111,
08. 808.) ein 0000 0. 0. 08000 000 000000 00 80. 00

0. 0000000 00000 180010.
000 0000 000 000800 0. 880000 00000 0000 00000 000 00
‘ Ι,0-. 000 00000000000800000080000000 0000000 0000. ,
s 00 000000 000 00 00000 0000000100. 000. 0800000000·
0000100. 00 0000 00000 0000. 0000. 0000 0000. conuecti
0000. 100000 088. 0000 00 0. 00000 0000 000 0. 8008. 0.ί

00000000 000000 0. 8000 0000 0000000. 00. 000000. 0. 11,
410. 00000000 000 880000 00000 000 0000. 80000 00οι

, 00000000 00 guid) 0000 0000000. 000 .. 100, 80. 08000 0.

8000000 000000 000000 00000000 0000000000οΙ 000 0000.

· , 000000000οι8οι 000 0008000000. 08000000.. 8000008

 

