‚ :1'01 ³ ·
331113. 13, 43. 31131131 11311111·3113311311311333. “

3113111311· 311 31311111. 3111313131 11. 463. 31111313 ’
311311113131131113331313.3111111113·33. 131

3111, 43.

3111311111-3111111113111.1113331113.·13,343. Ι
3131311131311 13, 63. ·
31311-11113111131311·3111111 313 11111311

’ · 33111411111111311 (1.1.)1311111111111

’ 1131311131313.133.1133113311313113111311· .
3111113113 493 f. 111 111113111131311111. 0. nont 1113111..

deu Ang0s3 Satan 311-1111111 . . 311 Ango de* 1111111111
371. 311 3111113111 3111111311 11111 11111 · 311111 1. 3111.
31111 311. 13 333. ··, 1131111111. 111111 311 1131131111.
(1131111) 31111. 1.’ 3131. 13, 331131. ÷ 11. 3113111111.

3111113 3111111111311131,114.11113113111313113131 ·’

13131131 111311· 1111111 31 3111111 31, 311. 111 311·
311 11111111 11113 11 31111113133311 3113 31111111 3111, 336
·31131111311311Ξ31311131131.1 ,
- 311 1113. 31111 3113131131 1113 31113 311· 3111111111
1131111 1311 313 31 11133111 1111 31 311311 1311131, 31 Ι
31133311331111111111-31131131113,113.111-(313
111311) 311 31111111 1111 3133111. 313 (33113113) 33. 343. ,
-3113111, 311131111333.
’ 3113111113111111.1111131133111313311131113.31. ,
3111113,433.1111333.11111·1111333331111111131313113 ·

443. 311311133111313111· ,1 3111 ς1111311111. 3113131113 · .’

3111, 335. 31 313111 311 3111113131 336, [131. 336 3.]
311111131311-311 1111. 31113131. 111111 111311 31111311
nod) 311131. 354. 1111113131· 313. 311, 113.Ι 3113111 31111
1111333 11111111 31111113131111111 1311311 31113. 11113.
311111 11111 31131131113113 [3113 333] 1111· 31111111
111111313. 3111313311 31311 3, 333. 313111 3113113113 11
1. 311111 31111111131,113.--

3131131331311 113 311111 311, 43. 1113. 1111131111 ·

3111111311311131111331311131313111 31311311 11111111 ’ ,

 

