21⁰

14141411411141 14111. 411441 urg. 11, 444 1414444·
· 14111 414414414144 1411441441 44 44. Sd) 414 4144114444
.. lv, 41. 1414 41444 114141 14444 1411. 41111. - 141441· ’
14441. 44. 1144441. 1411 14441 141144 144141. 41141 1444111
441. ist 4. 44. 44141111,11. - 141 414111. 114411 41411
44 . . 14114411441446. - 1144144414 41144 11114144· 441

3 , ’.141144144444144641441114·11111113·“ῧ1111111

414444 (141441141144 441114 111411. 1111411. 41444 1441144·
44114111 11, 141. - [1411441411 14 1441141144 441 144
, 1144414 411. ·- 441414114444411 444 414111 411 114414·

1111.414’41144.41111.1,141. ⁴ κ ’ ¹
¹ 141444 - 414 414141 114141 14444 - 1144 4144144 4.

ῧ1411141441,14414 1114 111414. 414111. 4414114411. ,

“ ..144-4441141144114114414141411411441111118. ἱ
14411444 - 114141. cur. 4441 14444141114144 .- 11486.
1444411441 - 444141 (ῦ1441) 44144 14114411. 144-

141444 444141 114 411411. 4441 414 411141. &ceren 4114411.

. ’ 1414144141. 1V,m.- 1414411114 141414 11, 11.

1111111. 1411141414 mol. 141144 1444411141 44411414.
1114141414 4414411414 1111441411 141 44411 41411 4441 114 4.
1411144411 144 441444 64444444 (gt. 4.·1444.) 44411. 14·
144 414. 141 (4414144. 141 14111141411111411. 4144 14 ’
N 444111. 64414 411114 1411. &vn 4441414 414 6414441. 14141
, 4. runnu 1411141444. 4644 141144141141144111. 411411·
4441144241. 144 4114 14141144 144 .. 44114444111141
1144114444 14111 261. ,
Ι Δ 141144-11441114141.1.6114444444. 4444144414.
,1141141141111146 ·
“ 1414144 -· 414 114144 141 144 114411 141444 - 14114·
,41111144 141, 14 144144 41 14141444 44111..111,61. s
heluo librorum 414 4441444144184414141..111111.
1441441144 44 11141411,1 141 4144 144141. 1. 411. 4141·
1141 141414. 44. 1115. 11144 1. (44111 1411144144411,184.
4111144114 114 14144 41 144 1. 1141411411 444 1444 114 -

- in 1441114144 141414. 44. - - 4441. 141141. V, 164.

 

