111 Δ

ep -- 11111111 un 1111111 11111111 1111 Publio ·
1111111111.. 11, 111. 11111111 1111 1111111111 1111111

111.1.11111111.1111.·111,91.11111111111111111 ’

1111111111 11111111111μ111,445.111· 1111111111

6111111111.1111111111·1111111111111111111·
11111111 vn, 115. “

11111111- -ι1111 1111111111(111.11)1,411.11· -

1111 1111111111111111111,14.

θ’, 111 11111111 1111111111 1111111111111,81.81.
(1111. 111111. 1111111111111114.) 11111. 111111. 11.

1111111111 11111 1, 111. 1. 1111111. 1111111111 “
(1111111151. 1111111. 111111 11, 1111. len sablosssdes
abeillos, 11111111111111. 1168. · 111 1111911111 111
111111. 11111111 1111111111. 11111111 11 111 · 111, 111.
1111111 1. 111 1111111. V, 11. 11111 1-11 111 1111111111.

111 11, 11. muge · 111 111111. 11111 111111 11111. ’

11 11111111111111111111- 14111. 11111 1111111111
1111111 1111111 11111111111111111111111 (11111
111111.111ΧΙ1’.)11,441.’- 1111111111111111 1111111·
11111 (1111111110111. ,

111111 (Vll, 151.) 1. Tacitus, 11111 11111111 11111·
11111111, 111. ,

Fabricii 111. 11111. v. ’1. 111, 11. ι

1111·.111111111111,111. 1 ⁸

1111111(1111111111.)111,111.11111111111111111
11111111.1111111.11,111.

11111 111 1111111111 11111 111111 111 1111111 1111. 1. 3111
1111111,1111111 111111 111111 111111, 911 1111111·

11111 1111111111 111 11111 - 111 1111 1111111111 1111111. ’

11118. 1111 111 1. 11111 11111 gs. 1111111 111 11111111
1111111111 11111 1111111 1. 1111. 11111 11 1111 Vl, 111.
1111111111111111111 1111111111, (1111111111 1111111111 ··
111111. 111, 111. (111.) 111 - 1111111141
11111111- 111111111111111 111111 111111111111

11.

 

