A 111 11111111. 1411111. 11161111111... ’
11611 31. 61116 66111.116116111111,266.
6166-11111, 111. 6611 616 6611116 11, 466. 1111
111 111116 11111, 116116 161111 6111661 1111111116126. ’
6661111611 611 61111111111111611,’85. 6111666. ’
61111 1111111111 1111 11116111 Ν, 662. 611, 48.
11116. 1111611661 1116111 61111116. 461 616 1111616 61111.
116 1142. 6111111. 1111161116 6111161 6. 62. 6111111
1111611116-6611161121.6,1146.1151. ’
611 616 1661111646. 111 1116.111,611116161,44.
116 6 6. 616 161111 116 611111611,111.61611111 1. 6111 .
61111111 611 6111111611116, 622.
66661116111111111-66111661111111111 611111
’ 9116111, 611 116. 611. 611. 116. (111.) 61111 11, 261.
11161111166 111661. 6166111611 16, 626 6666161116
111161661161611611111. 31616 6111, 616. ’
6611116-61116111116116111,1621 611111. -61161
111611166.-111116.166.’
6666111616111111611611111116666 - 11111. 66111, 466.

6661111111611111161.1116116116111611616
1111111164 611116 61, 61 ’

6661, 6611111(61111116111161111611111166 26111.)
-616111111 111, 416-416, 61 ,11661166111161611116
611111.61111.1161.16,1,1.11161611111111644. 1111·
1116111111 111 16111Ι 1116 1161116 1111 1611611111 16, 66.
6111611116. 611111116161621666. 6,161.16111,1661.1

666111- 1611111. 6. 16, 681. 6661111111 11, 66. 11116
1. 666 116.11>11111111111,166. ’

616111,111161161161111116161111.611416,11,4661.
l

 

