U. 11111, 111,] 11111111 111111. 1111 1111111111. 1111

11111. ιι. 111111. 111 11111111111111111. &m

' 1. 01111111 1111. 111. 111 11111111. 111 11111111. 111
ut. 1111. 111. V, 41.- uon 1. 91111111 1111111111. mit 1111

“ 41-11. 11. 11. ,111 ,1111911 im 1111111. 111 111111.

= (11111 41. 11. 51. b. [1111111111 11111 1111111, 111111 -
11 {lug 111 1111111111111111.118.·61111111111111111111.
1111111111111111111, 411. 1111 1111111111, 111111 ιι. ·
1111111111 11. 1114. 1111111.) 11111 1111111111 11,
11111 (1111.) 111, 211. (1111.) V, 40. (1111.) 511
11111 11. nn 1111. (1111.) vul„ 114, .

. 11111 -11111 11111 fia 1111. 111 11111111 11111 -
,11 1. 11111111111111111111 mallen 11. 11. 1111111 = -
1111 11111. 111 1111. 111111-111 1111111111

¹ 911111. 111111. 1111 &iun 1111 1111. 11111 1111. 11.
Sangia 111 - nomana. 11 ,1111 1111111 11 111, - 11111
111111 (1111111111. 111 111. 111. zu 1111111111 11 111 es .
sshmh. 11- 11111 11111. 111 mura 1111111 14. 1111
1111111 11ιιιι1ιι 1111 11111 111 611111· 11111 1111. 11111 “
111 11111131111111111. 111111. 111. menn -111 11111 ·
{en 1111111111,111111.11ιι11111, 111111 1111111 (1111 ·
11111. 11111111-11 ἰ11.11111111111..11111
1111111111. - 1. 1111. 1111111. 11. 111. 1111111-11111111
Um 1111. 11111111, 1111111 111111 ze. 151. 1111111
111111 11 1111 111· gum 111111. 111111 11111111 111111
111 1111111111 11111111. 11111, 11111111 111. 1111. -11111111
1111111111 11111 111 intentet. 11111111 1111 11111 11111111 “
ιι. 11ι1 Q. 11111, zu. 11111· 111 ewen-„tm 1111111111
11111. uns. 1111. 11111111111111 1111111. 111 *Sum
11111 111111111111111111111111. 11111111 1111. 1.

· 1111111. 1111111111. 11111111, 1111111111111111111111 ’
111111. 111, 111. Ι11111111 1111 (1111 111 11. 11111111.
11111 - 11,111. 1111111111. 111 1111111111.
ιι. 1111111111· 111111. 11111 11. 1111111111 111111 111. »

1.- ιιι 1. 111. - 1111 111 111111 1111111. 111 11111111

 

