ι 1

1111,11111111111111 111111 11111 11111 1111.
. 111111.11111111.111,121.« ¹
ι , 111111111111111,111. 211118. 11111, 211] 111

Ι 11111111111111111·1111111111,121.

, 111111 11111111 1111111111 1111111 111 111111. 1. 111 .

· = 11111, 1111111111 1,411. Ι8111111111. 451. 1111111111

11111. 1111111111 111 1111111111. 11111 111 111111. 111.

’ 1111111111 111 11111111.11.214.11111111111111 211. 111.

¹ 111 1111111 111.-1111111111 111 111 1111111111 -111 111
1111111 1111111111. 111111111111111111111. 111. 1111
111115. 1111111111 11111. 1111.. 111 11 1111111 111111
1 1114.-111111111111111111111 ’
1111111111 111 11111111.111,15.(111.11.)
111-1111111111111111. 11111111111111111.
11111,1111111111111111111111111111111111. .
1111111111111.·1ι11111111111111111111111111.1111
11111 1111111111.
, 1111111111-11111111111111111· 11111111111111.
11111. 1111111111 11111111111111.

“ ’ 11111- -1111 111· 11111111 11, 111111Ι 1111111.

1111111 6111111111. ,
’ ’11111111111111111
1111111111111.
Ι-11111-111111. 111111111- (111 1111111111.)1111 ¹

, 11111111111111 11111111. 11, 211.

11111111111111-111111111111111111111111 111
1.111111111111111111111·11,11.
¹ 1111111-11111111111111111111111111111111
11111.11,111.’
&lm 8111111· 11161111 111114. 1111, 11.

“ 81111,1111111111.1111111111161111111111111111 ,

11111111,21-11111111111,(81)81 1111111111
1111 1111111111, 111.- 1111111111..11111111111 11
1111111111 1111111 a&

11111111,111111111111,11 1111111111111111111.

 

