¹ 8
0 .

’ 8888888 888 8888888188 88888 88 688888. 111, 147.
888888-88 benten 8888 8ιι ι. 11, 28. 68888888. ι.
3888878 ιι. 88888818 611, 167. Abstraota initiis occultis

ι - conveniunt ,¹¹¹³ 276. Bengel].- 7188888888 e. 68888
. 88888 88888. 16, 42. asse 8-8 888 8881888188 826. 888

888188. (8888 888. 8. 818888 888. bet 77. 6118678. 8888 j
8888. 888 888888. 77-88 11, 267. 8888. 48888. 88 8,·8. “
888. ιιιι8ιι 68888. 8. 8. 888888 88888868 ic. 11, 2868.

1 8888 8886. [ibid] 8888. 77. αιι. ω 8888818884

8688888 288. 6888888888 auem 8888 877- ι-ιι 88888, 6666

· 81888 287. 8. 7788888 ιιιι 888888 8881888.

6888888884 81888 88888 68888888 16 247 (611, 186)

Abas, 6888888888 ιιι 68888 16, 86.

77887888- 8886888. 8.8888 88888. 888888.. 8888
6188 ιι. ..381 884818 ιι, 888 88888 8888 888 864888 88

6688. 8888888848 6111, 678 884 88888 888 618888. 888 ι
, ιιιιιιι81. 1888 888 ιιι 8 88888. 71888888 888 888. 876.

7888888888 88 8881888 61, 7. .
7788888888 ι. 6888 88888 888888. 8888. 8881. 11, 128
7888888888, 88888888 11, 266. ’
7488 ιιιι remen 8388 6¹1 8888 (818888.) 1, 414. 467.
788848888188888888888888888888 (68888818888888888
’88888 (68888888 ιιι 1761) 111, 161
' · 8888888888 818888 888’8ι88ιιιι8 ιιι 88888 61, 62.
. 7888888-7818ιιι8ιι8888ι8 61888 78888811, 17. 88
8877. 88888 81888 8888888 466 688888. 888888 8111, 266. ι’
8. 8888. 888888 888 888888 [668] 6. 88 88888888 ,
611, 66. 88888. 8888888888 8688888848 61, 62.
88888 81888816, Ι668.
’ 7188888888-178808881888888188888118666. unsre
8788. 7888888868 16, 16. 7788888888 61, 161.
888 888 ein 6881 bet 8888888 11, 466.
88888 66 8881888888. 111, 218. ·⁴ ’.
8188888888, 8888881688- 8888888888 8888 ein
878888. 8888 61, 666.

 

