⁸70

1111111111111111111111. 11111 · 1111111. 111

1111111111 18111111111111 1111. Ι
111111111111 -1111111 1111 111 1111111. 1111 111111

,11111111 11111111 1111111111111111111111 1. 1,12. - 1

111111111111111111111111.11111111 111 111111. 1111111111
1111111118.-1.111111.11111111111111.11111 11111111

11111 11111111 1.
1111111111111111111,1. 1111111111.
11111111-1111111111 11111 1111111111111. 1111·

ἵ 11111111111111111111 111.11111111111111111,111.1111
111111111111111111111.11111-111111111,111. ’ 3

' ¹ 111111111111111111111111111.11.111111111,111111111.11. ’

1111111111 111,121. ’
1111111111111111111111,181.-111111111111111111
1111111111-111111111111111111111 11111

1111111 (111111111111111 111 111111) 111 1 1111111

111111111111111 111111, 111.

¹ . r 1111111111111111111111111 1111111111
’ 111111 1111111111. 111111111111111111111111) 111 ,.111
, “ 11111111111111111111111111-1111 1111111111111111411

111111 1111111111111111111111 11111 111111 1.-1111111111 3
11111 5111. 111111111211. 1

' 111111 111 1111111111,191.1111111111111 1-111111
11111111.. 1111111111111111111111 1111111111. 11. 111 ,
1. 11111 111 1111111111. 1111111111 1. 111111 1111111111. . ’

1111111111111111111111111. 11 511111. 111 11111111 11111,

111 -11111111111111 111. 1111111111. 1111111111111

1111 - 1. 3111111111. 1111111 1111111111. 11111 111 1. 11,

11. pudenda 111 11111111 1. 1111111 111111 1111111111,

1111. 1111. 1111111111 1111 - 111. 111111 111.
1111111111. 11111111111111111111,1111.(1111111112.)
1111111 11111111 1111111111 111 1111.. 111111, 111411.

1 1111111111111 1111 11111. 111. (1111111, f· 1111111111·

⁴ 11111111,1111. 4111.

Nomina 11111111 iub 111111811111111 .11,144. (111111Ι

 

