Ι111

11, «11. 11111111 111 111111 11111 1111111111 1. -11 211.
· 111111. 61111, 111 111 -11 1111111111 m. 11. 111. 111
11111 1111 - 11 raum 11111.1 1111. 111111. 11111
111111111111111111111 11181111111111111, 111 fuer, Ι
11111111 - Ν, 111. 111. 111. 111 1111111111 6111111111
114. f. 111. 111111 111. 211, 1111 11111111 -11 11 1.
1111111111- 11111111. unm-311 811. 1. 111.
(111111) 1111. 11111111 41111111 11111] 111.· -
1111111111 1111111111.111111111111111111.(11111111)111.
111 11111111 111. rea 1111. 11111 1111111. 11

, ,Ι 11111111. 1. 111 11111111. 111 -11ι1111 [vu 1111111111

’ f.. · 11111 1111 11111. 11 ,1111111111 11111111111111,

’ 1 117. -11111111111,11.·- 11111111111111111111 ¹

111. ist scot 11111111 1¹1, 11. 11111 11111,11111...111111
1111111 1111 1111 11111111 111111 1111111111 11111
Gt. 111 11 gicht 1111 1111111111 111 fid) 111 111111
11111111111111111111111 111 1111 11. 1111111. 11. ib. -
111.. 1111111. 1. 1111111111. 1111111111 Ν, 111. 11111
1111 111111. 5111111 11111 - 111. 1111111111111111111111
1 1111111111119 111.
1111111111111116111111111111111. 1116111111
1111111111 Ν, 111. “

1111111 - 111111111111,111. - 1111111. 111111
’ 1111 vu, 111. - 1111 [111111 1111111111111111111.
‚ 1111111. 11111111. 1. 111 11111 111111. 111111. 011111
’ . 11111111 1, 211. 11111. 1. 1111. 11 111111 1111611. 1111
111. 111131111111,11. 1111111. 111 1111111. · ⁵².

1111111111 1111. - 11. 111 111. 1111111111. -14,
111111. 131111. bet 111. · ⁶5. 11111. ·61. ,1111111όῦ111
pol. 11. 118. 11111 1111111131111111 111. 11111111. 111.
’ 111 «1111111111, m. 111. f. 11111111.

1111111111* 11 11 auf· 11111111, 1111111111·
1111111111 1. 11111 11113111 1. 111 1111111111)
11111111 11111 11 1.111111111·111111 V, 111.

c 111111 -·- 1111111111 jus 1. 11111111111111111111111

 

