⁴8 x .
’ 9111 -111111111 -1111 11111111 9111111111111 111111.

9111111 1111, 111. 1 9111. 9111111111

ΠΙ91121111111--111 111111 111 9111111111. 1111111111

9111111 1111111111 11111 9111,314.1111.499.1
9111-91111111911111111.1111111111111111111

· .11,119. 111-1111111 111 11111 6111 11111. 911. 1111

. 911111. 1111111111. 1111111 1111191 1111 311111 91111,

Ι11111 1131111111. 1111111111 ·‘ 111 1111111111 111911·
. 11111111111111,111. 11111 1111111 111111. - 1111111111111
11111111 111 11 11111111 111 1111. 1111111111 11111 111, 11.
1111111111 111111111111 111· 111. 1111111 (1119111111Ι
111) 111,-ό 111111 atrox 11111111191111111.111411.-
111111111111 9111 1111 1111111. 1111 91111111 4111 -·- ,
911111 1. 9111111111111111111. -κ ι9111111111111111 111
, 9111111111· 1111111111111,11. 111· - ’111 51111111 111-
1111111111. 111. 91111. 1111111111 1111111111111111111·
11111 11 1111111911111111111111111,1111119111111 ’
111 11111 1111111. 11,11.-“9111111111. 1111 91111111 .
1111 (11119111 11111. 1 111111911111111)141.91111
11111-111111·11111. .’
’ 9111111- 11-1111111 111111111111111111111 11111111

·1111 111 1111 1111111 111111.

9111119111 111111111111111,1181. 911. 1111111
11111111 1911. 11116111 11119.1111111111 1111111111·
11111111 111111 11191111 11191111 9111 ze. 114.

.” 911.. 111111 111111 11111111 9111111, 91111111 111, 13.

91 9111 11191. 111, 14. 141. 141. 91 91111 1. 91111
1111111111, 11. 91111. 111 111 1. 911111111111111119.
ἫΙΙ91211111111--’ 111 111·-1111111111111111111111111111
- 111111111ω11111111111Ᾰ,.-1411-1111111111 111

Ι · 1111111.11.1“1,11.11116111111111111111111111111. ·

111. 1111111. 911111111111111111 111 91111161.

9111111111911111111(11141111 1111111111111) 1111

 

