m ι
11111111111111111111111111111(1111111111111. ³ ,

111111 -· 111111-111 11111111 - 11, 211. 111 1111

111111111111 11111111111611111 111, 117.

. 11111111 -1111 1111111111. · im 111111116111, nicht
1111111111 11111 1111111111. 1, 372 -11111111 ΙΙ,’ 88. 11,
11. 1111. - 11, 12211111, 11. 1111111 11111111. &imt- ’
11111 · 11111111 1. 11111111.1111 11111. 111111.
’ ’Κογξῖμπαξ vl, 1. 111. 1111, Ι2116.
’ 1111111 11.1111111111111111111111 11111. 1. 1111111.

·· 1111111, 5111111111.. 11111.. orient. 11 11111111.
11112121. · ¹ = ι
,1111111111111111111111 3111111 1. 11111111 1111111111 f
111 §mummia 11. 11, 111. 11111111111111. 1111111.

111 1. 11111111, 11111111 111 - 11, 21. 1111 1. 11111-
an 1. 1111111111 111 1111111111 111111 11111111 11, 11. ’
11111 -, 111111. 11111 11111111 111 111- 11 1111111.
11111111.1111111111111111111111, 84. - 111 1111 111 ’
&ecte 1111111. 1111 . . 1111 1. · 1111111 11, 2511. 1111.
11111 111111 - 11111111111.11111 11111262. 1111111. '1
ι 111. 11111. 1111111.·11111-11’,111. 111111. 11.
1111 -111111111111 11111. 1111111111 u· 11111. 111 11111
111 1. 1111 11. 11111111 11. 111, 121. 111 11111111. (1111
11611. 1111111 1111 111111 11. - 111111111111111161111,
111 1. 61111111 11. 1111, 111. 11111 11111111111111111
111111 1111 11 1111111111. 111111. 111111· 11111111111111
1111. 1111111111.. 1111. 111 111121. 1. 1111111 1111111
1.- 1111111111. 1111111. 111111. 1111 1111111. 11111111
, 1111111111 11, 11. 111111 111- 11. 1, 11. 1111 1111. 3111
1111111111-11. 21. 1111111111. 1111111111 111 - 111
51111. 1. 1111111 1.111111.1111111111,11.-· 111 (1111111
1111111111. 1. 11111. 1111111111 11111111111111 111111. 15.
·- 1111111111111, 111111111111.. (1181) 141. τ·
· 611111 . . ’111 1111111 111111. 11111111111111 1111- 11111·
111111 1111111. 1.11111111’111111111.11.- 111111.

 

