182 1

1111111111 111 6111. 11111111. 64611 656. 11111161. 11111.

tet 685. 687. 691. 8, 59( 111 1111111111 1111.. 11111. 1.
611111158. 194. 267. 287. 1116. b. 2511111. 1778. 296. Ἰ
111. 811, 1611. 8111111116 11 1. 6111111 (1756.) Ι, 272. ‘
ffimmmmmmmmm
(1111111116) 451. 488. 468. 499. 514. 516. (1766.) 111,
6. 4. 7. 11. 16. 18. 22. 25. 11. 11111 211. 29.Ι

· 19111111111111111911199. vn, 111. 1111. ‘
1111111. 8111111111 8, 51. 179. 171. (111. ΙΙ, 4161.
111. vm, 111. 111. - 1111111 11 111111 1. 1. 11111 ’
6161611367.)-81111111111111118161.1111161166111661
1161111. 111 21111181, 125. 1111 111· 1. 2161111111 111
,61111111111111111 18,166.111111116111111611
bet 161. .

¹ 1) 1111111811111111166111111, 111. 2781161769.
18, 65. 298. 8, 85. 252. 811, 676. 611111 18, 65. 8, ¹
1 176. 75.] 82. 611111 811111 18,.129.125.1791.267. 81, .

671. 73. 81. 117. 119123. 215. 261. 246. 2681. 668.
6111. 1111. 1111. -111, 111. 1111111111 61111 vl,
961. 1111 8111111111 11. 126. 1111111116 654. 111 6111.
1111111 81, 649. 652. 6591. 811, 156. 1541. 159. 167.
226. 1111111 811 111 1541. 2441. 249. 811111 611 111.
8111111111 (6111. (1786.) 81, 6515. 662.

)8111111619111111 111. 12111111 1772. 1111111161 ’
1111.(111.1111,111.)111.’1,.111111.91111119.
667. 656 666. 811, 162. 249. 111611. 2161. 111111 1111.
6171. 6251. 6671. 811111 111 11 1. 8111111 (1785.) ‹
vll, 233. (1781.) 369. 311. (1788.) 421.

6) 1611111111 1111111111 111. 2. 611. 1774 8,116. 112.
91,111.111.611.111. ,

4)6)11111111811111111.1861111111.1778 8, 2881.
mnf. 81, 76. 75. 167. 119. 166. 249. 666. - 11116111· .
bct 18, 79. 155, 45. 1116 1111111 1611611 111171 1.
155. vlu, 196. 8, 19. 69. 1111 6. 176. 287. 1611616

 

