1111111111-1111111111111111111111111111111111 ¹ ·*
1111 111111111111 111111111111 1, 11. 1111111 1111111 ,
111111 111 1111111 -11111 1111 111111111111 111111 91 ³
1111 1111111 - 1111111. 111 1111111 1111111111111111111.

. 11111111111111 1111 111 · 111111. 111 11111111. 11111.

119. 11111111 111 - 11111111111111 111 31111111 11111111.
111 . . gum 111111 111θ111111. 11 1111111111 119. 1111 ·
11111. 1. 1111111111· 1111111111 111111 1. 1111. 111111 .
1111111. 111 - 1111 111 1111111 (111111. 1111111 1111111111 η
111. 11111111 1111111111 11 11111 1111111 1111111111
111111- 111 11111 11111111111111 111. 1111 111 1111111111
1111111 1111111111 1111111111 111111111111111111. 1111111.
11111. 111. 1111 111111 1111111111111111111111111111111
111111 111111111111 1111. 1111111111 1111111 1111111111
1111.111111111111.1111111111,191.·

1111111 111· 11111 11111111, 111· 111111 1 3111
11111 111111 11111111 1111. 1111111111111111. 1111111
11111111111111-111. 111 1111. (11111 1111111111 1111-
111111 1111111111111111 1111111111 1111111 ,11111 111. 1111
· 11111 111111. 111111 1111111111 1111111111 11111111 1111111,
1111111 11 1111111. 11111 111. 11111 1111 1111111111- 1111,
1111 111 11111111. 11111111. 11 1111 119. 111 1111 - 111111
1111111111111111 1. 11111111111111111.1111111111. 11111 -
11111111, 111 111111 11111111 1111111 111111. 11 1111111 111.
111111 1. 11111111 111 11111111161.111111111111111111
111 111 1111. 11111 - 1111111 - 1111 11111 11 (1111.. 191.
, 111 - 11 1. 1111111111 111 11111 111111, 1. 1111111·

· 1111111111 111111 11111111 1111111111 111 111111 1111111111
1, 191. 11111 11111111 1111111111111414. 11111111 »
1111111 1111. 111 111111 11111111 111111 - 111111111111·
11111 111 11111. 11111111 . .,11,111. 11 11 1111111 11111114

1111111111 111· 11 11111 111 speciali gratia 1V,285.' 111
1111111111 111 - 111 1111111111, 111111 111 11111 1111111111.
1111111111 111 1111111111.. 141. (ef. 11111.) 11111 11111
111111 1111111111 11111111 -1111111 1111 11 111111·

5*.

 

