,1 ⁴⁸⁵3

Α ⁴ 811111-111111111111111811111111 111111181111 ⁴
11,.811.1111811111.11111111.11111111-.111 111, 818.

11111118111111111. 1118811111 81111111 11, 18. ,

, ,81111 1111111111, 18.

811181111111111811111111111118111111. 188111 ’ ζ

· 8111811111111111.1.1111111.111111111111188. ’ .

’ 11, 18111188 11111111111111111111111181111111 j
1111811111.111111111111111.8111111.111,1181. 111

18111. 11111 111 8.. 111 1111111111 8111111. Ι1111 1111111
111, 18. 1111 1118. 1111111, 111 11111111 111111 11111111.

111111 811111. 8. 111 1. 111111 111 81111 1. 181111. ’

11111111 111, 841. -.1111 11 1. 8111 1111111 111. ὲ- ,
1811111111111111 111 1111111111 -1 (111), 11111111 811·
11111 111 11111. 1. 1111111111111111111. 118. - 11111111.
11. 111111 111 81111111. 11. 8111111111, 888. . '
811111111111111 1111111. 111 1111111111 1111 1111111
1. 11111111111111111. 1111111111 11 111111 11111111 8111111
1111 1. 1111 1. mit 1111 1111111111 1111 11111111.
1, 1111. 1111111111 111111111- 11111 11111 1111.

’ 8111111111 11111, 1111111111 1. 11111. .. 11111111 111111 s

1111 11 11111188. 111 11111111 181111. 1111111111 111
111111 8111111. 81111111 1118111. 1111111 11111, 1111
11111. 1111111. 8111, 1. 1. 8111111 111111 111. ,111 811111
1111811111. 11 11111. m 8111. 111111 11111111 11111111
118111. 11181111 111 81111 11111111. 811. 81111111
11111. 11, 18. 111 1111111111111,11181111111111 1111111
, .1111811.1111111111111111111, 1111 1111 11111111. 'V
8111111. 111. 1111111 (1. 8111.) 1. 1, 881. 4111111111.
grau: 1111111111 11 111111 111 111 11111111 11111111111 1
848. 181. -, 111111. 11. 1. 8111111 (8111, 811. 1. 11)
119. 111 1111111111 · 1111111111111.111111. 111111

’ 111111111111 1111. 11 111111 81. 1111111111 1111111111

1. 111111 81111 111111, 111111111181111111 11111111
111111. 4881. 111 11111111181111. 1. 1111111. -1111111 ¹
11 1111 811115 - 11111. 111111 81111 111 11111111 1. 1.“

 

