⁸⁰4

666166 6166 - 6166 &turm 6. 66666666 16 16666 met·

166611, 166. ’

1166661ῇ- 661666161 6661166116 6616616616 16,
666. 6616666661. 116116. 61. 1. 1616666. 1666161. 611, u.
616 11. oum. 6166.) .

116166 - ber 616. 66 -66, 6616116 6. 116611.
66116166, 6611166166. 111, 261. 11611 66 666 6661166·
666616 eim 1611-6616. 16, 67. 6111. 611666. 16 ε.
661611. - 6611116611 6611. 166116 6. -en 66611 166 6666
616 66611666 enter 6111666666 16 61616. 146. 666,
166116, 661116 - 16 6666661166· u. 6666611166. 661. 606.
beu 1161661166 666 661- 16 66616666. 611616 66616.

‘ 6661616. 664. 66661161) 1. 61616661 611611. bet -66

66 et 66666111 .. 16 661611. 6. 16 6661661166 666. 1161.
666 1616611 immet 6166. 661661. 11611. 61,161.-
1161666166Ι 6. 66616 666. 6666 61166661666611666. 111,
166. - 116 e. 16661 111611 16166611616661111166 (661
6. 6116661666) 646. (6166616661) 6616166611. e.
1616166 6616661116 166 11166161 ze. 16, 169. ’
16661661166 —· 116661. 666 116616. zu 61166 16 bet -
11, 412. bt'e 16 e. 6666661666 161146116616116 1666
161166 6. 6616666166 61666 66161116. ,6116611 1. 16, 669.
,ieret 6. 66666. 666 661666116111661166666661611666.
6666611116 66611111, 68.

666 - 6166611616 6666616 611, 71. 86. 1616616116 ¹

1661166116. e. 666661. 6166116661666616 161. [vnum]
1166616111, 61666666 6. (6616. 61, 246. m. 611,

’ 666. 6661.

’ pot 1 vingt ongleu 111, 151. 154.

1616166 666 166616 6666 666 111666 6161666161 616 161.
6161666666.616116666 16 6161166 61616161. 66 1166116616
1661666661 6166 666 666 6661 e. 66111666 6166116666
1, 466. 66 616116 66 661 1. 6666661616 6. 616
31666666. 66666 um 6. 66111. 616116 16 11 §dmm
6666 66666166 116 611616 66666. 166611 6. ΙΙ, 181· ein

 

