, -. ,818
88888 seben-m: 88 888888 88 ιιι. 1

118818 888888 ,888 88888. 81888 ιι. 118. 8818. 8881888 ’
888888. · 11, 288. ιιι-888888 818. 118818 218. 818 888

“ 88188888881188. mamhra poetae 888 818188.. 888188

88888 8888 81818 8888181 gu 8818888 181888- 8888881888

88811 282. eute- ιι. 288. 8188 8188818 818 818- 888 ·

881888 88118888 282. 888- ιιι 8888888 888 8888 282.
818 8888- 88888 fid) 881881 gum 8818818 8888818. [11,
2821 81188888881888- [888] 8118118888,811 81. 218.
8111, 882] Vl, 8. 8. 811888

’.888 88818881 88818 88811181 8888. 888 8181188 818 211
818888 8188888888 18888888. 8. 381. 88 888888. 88881818
188888 1111, 818. 3818888 818 88811888 888818818188188888.
· 8. 1. 11, 282 8881. 8881888 81888 8811. 888888 11,· 81.
8. 8. 1188181. 1118 8. 81818811888881 888. 88111. 38888. 188.
818 8118. 8118811.. 88888 8. 8888 818 8. 818. 8888811881 148.

818- 8. 881881 888 88188818. 288. 881188. 8881. 888888* .

men 248. 18818. 8. 8. 888 81188 1881. 828. 818 8. 88..
8818811888 888. 8181181888 ιι. 811. 8. 88811188 888 &rga
888 8881. ιιζ 8818. 8811888ιί8888 8. stylus ιιιιιι

’ 8881188888 88188888181488. 81181888 888 88818881.

81881181888. 8111188. 8. 81888 8. 81881. 88. 8188888818,

1888188. 8. 8811188888 42. 8. 8818818118111,88. 8118. ι

(8818818 8181. 8118888. 88888188 88. 818 888888 818188 8181
8188888818 81888 888 18888888 8. 88888888 81188 8 8.
W 81811888 181 · :
8818- -881- 88888. 8. 881888. 88. 1, 48. 818 88181·
[dm 8888888111, 118. 8818. 88811818 848 a
8818811888 188888 188 88188188 1888888. 888 18188188
9881881818· ,
8811818888 111, 288. ,
8811111 881888 8818188818. 88881188 8818888888 88881
u· 888888. 888 8188888888 ιι 1, 818. 1188118. 888 ιιι
8188 888 8888888888 888818. 888· 81818888 8888 8888.
8888 8888 8. 8811 818188 818 88881 8818 88 88888 888,

 

