ι 1111 [119111111111111 111211,11111111111111111111111111

11111111111111111111 111111 1111111111. 1111111111, 12.
11111111 ⁰⁰⁰ 1 1111116111111111111.111199.

. 111111111-111111111111111111-1111111 1111111.

’ 1111111111 11 1111111111,’ 11111 111 11 1111 11111 111111111-

(1111111111111.1111’.’1 1111111111, 1,518.111111111.

11111ο1111111, 11111,111111111,’.281 1111111111111

’111111111111111111111111111.1111111422. 111

. 1111111111. 111-11, ⁰⁰⁰ 1.11111.111111111.11111 ,

Ι’.12111-1111111111111611111·111111111111111111.
-111111111111 4911111111 11111111 11, 241. 111

11181111111.-1111111116111111111111111259.-

-11 11111 1 1111 111. 1 611111111111-11111111111111·

1111111121.1111111111·111231.(1111111111)258

-111 ,11111111 141. 6111111111 1111111111-111 11114,

’1111111- 11111. 1111111111111111.) 1111111111
,1-111111111111 11111 111. 111.

”’31’ - 111 ,111111 111 111111 11111. 11111111 111111
111111- 1 1111 1111 1, 1111111111.111111111,11, 1111.
1111111111 1111111111 1111134 1111111111111111,’ 11, ,1111
1. 111. 1111. ,1111112121 311 111111 1111 (1111111111 111,,121

.ξ111111,.’.,ξ1,1 (1111112111111111.11111111. .
6111. 1111111) 111. 1111111. 111 111111. 111111291291

’,111111 1,.1,111111111111(11111241)-11111111111111
111111. 111111 11111111111111- 2111. 221211291312141.
·1111111,11111111111,11111111111111191 1 1111111
11111111111111.1-1111111111111111111111111111.
³⁰³⁰ 1111,319.181-161111111111 114. 3111119.
119.115.191.191.-11111111,211,1111111111.
1111111111.

111111 11111111 11111111 1111-1111111111151·ῙῘι ·

11’1111111111.1111111111 111111 1111111 11111111 111 1111111
⁰⁰⁰ 111 11111111 11. 111, 211. ,

 

