. ⁸ 9
6666.- ιιι, ιιι. 66. ιι, ιιι. 666. 66 66666666

666 6136161. bes misen ’1666661611176 mit 1. 1661· Ι

16666 66 tehen, 661166 &inflet 61, 7. 666116 (6. 6.
&mbr 16 ba 661161661611666 611, 161. - 3666661666
, 616661666666666666616616166666.16666·
tiorum audacia [11,166 Petrum] 16ιί16 61 (8661676 ιι.
Sammo), 66611666 bet 66161 16, 16. 61661166 1, 476.
ιιίιιιιιιιιι 66 66616 ten 6666666666666 6166. 611, 149. ·
’ (6111,19.)- vie 11666 bet 666 616666 16666. ,16611616 ·
11,116. 61666111 666. 166166. 66. 666616 611,46. 66661..

116616. 86. 76. 3646666666 16,16. 66. 1666116666 ,

hurd) 716166 611, 46. 3666666666 47. 66. 6666166661
67. 6666611676 66116666666661. 66. 611661 111. 66.
666666 ιι, 416. - 66. 666 66 nen 66666 ιιι
17111 116166. 66. 66166 6661416 666666 61661616
611, 69. 66. 1111666666.661666119.6116ιι6 66117661
666116 416
1116666611. 66166166. 661666 16116661. 16,16.
1166161 666666 (116111. ) 6666. 66611, 17 91666616.
· 6766-11166666 16 6666611666 16166. 6666666
leon 666 mie ein 61166 nom 916666 6666666166.1 11166·
661666 716667 661 Ptine 6166 1666616467. 6166161
6666661166. 66666 16661 61, 6. 1166166661 616 66661
16667666 611, 66. 66666 ciues 6666 716661, bet ιιι
1616666161 6. 66116661 6111, 661. - 6666 hies 116666
11166- 66661. 66667666166166616766166 16119.
666 666616. 671616 1666 6111166616 bes 1661161166
6666666166 6161661616116. . “
6666616- ee 666166 1666661666166667661·
Ι, 661. 6611 66 6616776666 666 jem. ιιι mit 66666. 6.
666. 6711 66 fle. 661 bem 11666 666666 16,117 6. .
666166 16196616. 361666 611,(471) 6--11666
(6166661166 6 6616666) 66 166166 66 en 61, 66.
· 11666166 111, 66 666 6666 1661166. 66666661
66616 61111, 67.

 

