125

414 4444441444 114 1444144444444 441. 44. 111, 45, -·
1414144 7144444 mit 4444 5144441414 4411 441 44441. 14414148
maus. 4444441144 ·, 11111141 459. - 44414111 4141411444ἣ
44 114144 1744414. sterben 4141144414, 4. b. 441114 44. ¹,le-
111, 1444, 44144. v1, 44. 144. vn, 444. 444. 444444
54441444 1. 4. 1, 58. 488. 494. - - 414 444414 41144444

leben 4411144, 4144 141144 144 6444444141411444 14444414 ·

1, 293. 4444444141. 1114411114. bet 44411444 44444441111141 “’

1111212. 4144414454444444 144.44414414414414 4187144444 ¹

1441411544. 44 44444444 444 8441 14444414 48114 444-
3141444 483. ’ ¹

11141144 11111, 288.

4844411414 tehen 41444.

4444444444 4444444444. 4444444444.

514444- 54444448 114411 4444144414 111, 770. Busta
4144441711444444ι414414 111454. ” ¹

7441444144 - 144 3414444 44514411. 14 b. 444144. 444
641141. 111144.

5114418 4411141144 0714147817.Ι 441871.) 111278.

5414414444414144-44141444444141-1441.1,41.[11111,8.] ¹

ustfgnatton w, (44. 44. 44441. (44.) 144. 144.

5114411144 14441144 11, 447. 441. 7111184.

5144144441114441444444444411,(11. 4144144841114444.
teil! 4. eiu vehiculum tc· Vl, 112. ’

5444444414 1. 5444414411. -414444411444414114141414,
4.7.111114444.11,187. 411444. 41444114 196. 4114444144. 44 ,
4. 18444. [1447454114] 6414441444 11144 4. 71444
4144 lv, 425. , s

4144441144844444-41444434411414444411111118.

5144184444 444144 44 444 4111414448 bet 441444 41411.
· 71154481. 414411111ᾰ147ῧ444111444164. 4444111444 444
luto 444441444444414 11, 369.

711444 - 44444141414884441144 bes 11411. gu · 11, 41.
4444 4444414 44 -7141441444 44 14441444 bet (411144
74441 44 4414444 47. 4444444144 444 44444 ·· 541447.

 

