444- “

41. 1111444 · 11144 144 4. 4411. 14441444 44. 41. 44144 ¹
41144 ,44. 4414144 444 444 44. 441. 11444144 441. 444441 ’

1114144414444141. 64411144 44 f. (1441441. 44. 1441· ’ ,Ι

141· 1414114414 1111 14441341 444 144444 8411 44. 444414
6441144144 14 1. 4444414144. 441 - 414141 444 441.
= 4144144411. 4444114 44144414 44414444144144114445.
1444114444 44. · 14411141. 41. 14 414441. 1144. 4. 41141441

411444 41411. 1. 6141 44414 4444 11141141 4144141144. 441441. ·“ ¹

4. 4. 1. 6444411441 44444 41441144 411 4441441144 4444. 14 44.
. 44411414 fid, 44114. 114414 44. 411 4414414. 4444 4444

44441414. 414. 444141. 414 44144, 444 44414 1414444 4

4444 4414414444 1444 1411 44. 1144441444 44444 444 ·

. 144411 4444 414 1414141 44111144. 4444 144- 4414141114 .

,111 4414114441, 144144 - 94. »44 11444141 1444444444 '.

mmmmwvmwmmmmm'

ssmmmwwwaaewmmmmwv⁷
4441. 4411· 444 44114 14141 1141444441. 444414414444. 44144 “
4444444441. 11411444. 4444444. 441444- 444 1144411114. 1 ¹

4444441 14 4.. 411444 14414111. 11111, 144] le 814414
44 S. 1414444444ιιι 44 444444414444 464. noua.-
444 ε’441444144144414414 4444 14444. 44 41444041- 1
41441 44 14 1441144 14441444 hut 14 414444117. S. 1441
4141141144 114444 14 ιαμ-1444144 44 4444444444 ΡΙ.
41 44 44111441 1164. 4411. S. Paul 4444414444 sa 1414
..quod Socratem 1441444 44441445. 444414 414 4141141( ;
4414444 Dium» 44144414114444. 441. 441 144444 444. Ι
4444114144 441 64441444 4. 4444 11414444144141441444 .
44. 415. -144 441444, 44 1444 4. 1441144 4144444444 44.
¹ 111, 1441. 444. 41441414 4. 441441. 4114444444 4444 4411444
-44111,41. 4444 11441. 444 - 4441114. 4144444411. ’

· 4441. 1111. 44144 414 44111. 4144444444 441 ,- 44 41444.

414141 4141441411). 414 1114444 1414411414 14444411114341444 ’

44 1. 6411414444444 4444414414 in· 444 44444 11441. 444
1414444114, 444114 441444. 4444444114 144. 4444144141141414
44. 4. 1414444411. 4. 411. 6441144441 114 4144 11. 441 -4

 

