Ι , ’ 4444 “ ’
444 4411444444 1444414414 (4. 4144444.) 1, 141.
’ 44444 144114 · 14414 111114 4441414144 14 414444 114114.

bet 444144. 14· 411144. 44411141114144,’ 44 41441 41411 111144 s

14 4444144 4441444) 141 4441 4144. - 4414 4141. 4411 1.
1414444 44444411. 44414144 11, 414.

’ 4144444441 ¹- 44441411. 4411. 444 4444 44411144 44144
141444· 444 4. 4344411414 44144 444 4444141. 11411. 44441441

11144. 344444411144414441444. 4441141144414444

4414444144. ,

¹ 44414144144114- 4444114444 14, 414. .
44414 11141144 44444444 14, 441. 414444 444. 64114 ·

444 441411144141 .,)41 44.
4144444444 444 1414444414 4414444 4444444444 44111. 444 ’ ·

111,11141.

’-ψ41444 414 414144 4114444114·Ι 444 11444. 1. 41144444 ’ x

ss 41411* 344444141141414. 144414441441. 44 41, 11.
444 *- 414114 111 444 (zum 111. 4141441. 44. 444
1111114441. 444 444 4144441444. 4444414 414 4. 44414115.

41414 144 44414 444 4144. 4. 144 1141441414.441.14444. 11 ,

, 414444 4. 441444, 4141444441. 44144 4141444 41411414 &att
1. 1141. (4441 411. 1. 414444 44444444. u. 114. (1. 414)
44414444 14144 414 41. 14 44444 14114144 14, 95> 44411114 ,
1114441.. 14414 44 114 41144 444 441 1414 1411 444414 4144
- 444 41, 44. 41444411. 41144 444 14 m. 411, 444. 4144444.
111444 115. 14 41444 4. 4414 144141 e. 4444 4441441444
4. 41441144, 4. 11414141.. 41144 444111,444. 4144444
114411, 441 4444 414144 41. 14144 114414 44154. ,
4114444144, 414 44414 441. 4414141414444 441444
41444 1141 4444444 4411 411, 441. - 4144144144 141441.
444144144441, aL a 44414141114144 11441 14, 448.
. · 4144114444 1141144441 4444114ζ444441141.1,114.
14444 414 a 4. ι444141 4. {hum 444 44111. 11, 14 1. 4414 ·
4414. 14141144 141414 444 844141 44441144 111. 44144 444

 

