.
.
¹ 2⁰³
.
.

1111111111 1111. 1111111111. 111 111 1111. 1.·
. 111111. 11111-11 11, 112. -11 1. (11111111. 111, 19. 41.
10, 111 (111114.) - 111111111111811111111 ·. 1111111111

11111111 - (111111141414149. 111111111111111141. = .

= -11111111111, 124. -11111111111111111111 1111 11111111

111111111111. 11111. 11111 11111111111111, 116. -11111
1111 11111111111111 11111111 1111111111. 11111111
11111 1111111111 11. 61. 11111111 (ὑπόκρισις) 1. 11111111
j’aime 11111111 plu! l’action que 11 diction 111, 201.

-11111111 1111111. 1111111 111111. 1111, 211. .

1111111111 1111. 111111 11111. 111111111-11111· ·

’ 111 1111111111111111111111111. 1. 11111111 111, 211. 1111 “

1111111111111111111111111111 11. 1. 111 11111 1111111111 -

11111 11111111 1. 1111171- 11111111111111111111. 1. ·

11111111. 111 1111111111 111 1111111111111 1. 111111..
, 11 l, 11. 11111 1111111111 11111111 -1111 1. (1111111111

’ 1111111111111111111) 11, 11. 11111. 1111111111 ,

111 1111111111-111111 11111 111111111111111111111
111111111111111111411111.111111.-,1111171. .
11111111 1.· 1111111 111, 111. -
11111111111111111111.11111111.1111,Ι 191. 11, 419. ’
1111111 11111 11, 219.
1111111111 relat. 1111111. 11, 116. 11111111 111 angen.
1111. (1111111111111 1, 444. ·
fflmffimamme
1111111111 111 111 (1111. 111 111111. 111. 1. 1111 111

„ 111111111111111111 11111.. 111111 11111 11 1111111111 Ι,

411. 1111 1. ’111111111111 111 111 -11111 11111. 11111111.
11111111111111 1111111111. 11111 11,111. 3111111111
’ 111· 221. -11111111111111 271). -111, 1. 11111111 111
« ’ 11111111. 1116. 1, 8111111111. 1. 11111. 11 11111111-

111111.111111111,25. -11111111111111111 11,121. barm. . ⁵

1111111111. 11111111. phys. (11111. &cele 11111 1111. 111
11. 11111) 1, 411. h. pr. 111111111111111111 11.Ι 11111.

fl. 11. 11. 111, 1111111 1. 1111111 -11, 11. 1111111111.

 

