646 ¹
01466. d· 4666 116616464166646466616, 15⁵. ὑ6167·

. 4467 46641 666. 466 664461. 664 4114. 6. 666 4664466 456.
· f ’16666614 4664666 6646661644 vn, 66.- 6641. 666466

644 664644 ’4664466646 461644 44444. 4444444441. 66446646. Dt·
4666 46644. 16, 67.
4646644666 7666664 6646 644. 6. 6146666 6141, 776.
46641666 6- -.6664 46664441 444466 666- 46, 477.
- 6646614664. 46 14464) 66. 6. 146466. 666 64666466 6.
6. 666444 1771 464464. 4146646666 46. 6. 46664661. 6446. u.

- 4666 666646. 466666. 4, 666. 666 44, sa. ¹

· · 6666 466666 6. 46446666 466 6666666666.
’4666446 666166 4444. 6. 66666 664. 666 61666.ι 46667 64466.
61661. 46646646 16, 167. 661 -1 6646666464 6666666

46461 616· 46446 ·’466666,, 6666666 6666 416466Ι 46444 667 ’

6644646664 664 6 4666 46464644 6, 166. 6646646- 11, 141.

664 6666 6646 66 66644616 646 66446 4..4166 64646114 ’

4111 174. 646 46466641664664 66444666 66. 16146.
4. 41466 ·
6664-64446644414.146146466 6616466646646646166
,6666664666 166. 666661. 4. -,111 6166664646646464.
66666666186474644161, 6. -1614646616664441, 686.
1666666, 66646466 666 6614666644 661, 667.
66664614.6646.11,666. ·
666466* 1464 6666446666 6666 64666.- 4. 666166
6666464. 6, 686. - 666 6466446446 6664444144, 11. -

66644666664646616,66. · 6. 4666 66666646 6646664 6. ¹

1664446146 6666446 6664 614. 6666466664 666 6666646466
6444446466 616. 46666146. · 6466166 666 664 466 666666
164664 4666] 66. (114646. 3.) 611, 414. 47.

6666 664 4666. 41464 611, 66. -4664466 4. 66446411.

“ - 666666466446 - 46664. .11,166. 6666666316·

466 6666464. 6. 66. 1644644664 1166146.Ι
6666466 46 666 6664 46446666 11, 417. ,. 661 - »aa
⁴ ι6666 16664 6166 766446 lv, 161. 46666 666 66666616 4

 

