’ 888

8111..1111.11111181 1811118181118111 811, 111
(181111111111888 - “

81111111 (18111181) 811, 18. 88 (1· 8111111181 88.

. 8111111111* 11111 1111- 11118111 1111111 1111111 - 1111
· 11811111111111.1811,118.»Ι

’ 8111111881 1111811 ·111111118181111.811111111.

1118111. 811111 811 (811111 &tart 111, 881.
81111118111-11 1111111118 1111 1111 11111111. 1818,

· 111111111111811111181111818 11111.8111111’11,181 ¹.

8111111111 8111111811-18,88.
81111111111-1111111111111 18,128 11111 11111111
11 1111111 1111111111 111, 8113111111111-1111111111 1111

81111181111111181,188.811-111111.811111111181 ,

18111 111111 111 11111, 11 11111111 1111 11111 111111
1811118111 111 111811. 811,118. ᾗ ’

8111111111, 811 811181 3811111 11 8111111111 11111111 1,
11. 45118111. 111111.

8111111,11,1111111 18, 118 81111111111118111111111, l

188. (1. 81111111 1118. “
8111 811 811111 811 8111111 11, 81. (1. 81111 18, 188.
811118111118,218.--1111111811111111111888.
, 811111181111111111 ιν,111.1111.111.811,18.8111,111
811181881-811118111111 18, 11.
81111. 811181, 1. 811118111111. 8111811118. 11111
. 1111111. 81111111 11, 111.

8111111, 81181111,81111,1111111., 8111. 81, 118. ·

81111111 11. 1. 811111. 111 8111111111111181, 181.
811111 111, 118. -8111111 8111111118. 1111 111181
11 1111111 11. 111 1111- 111 8111 18181111111811 81111111

118. 111111 1111111811118 - 111 1111111111 81111111· ‘

‚ Ι

’11111 1111 111111 181. 81111118. 811111111111111111811 r .

1111111111 8111181111. 18,188.11111111111181111ι8111111

’ 1111111μ-811111111 ε1111811811111118111,882.

Ι11111118811111111111-118,8(1.

8111111111 11111 111 81111111 1811 1111811111 8111111. γ

 

