¹ l 1

311. 111111111111,111..111111111. 11, 111. 111,

’1111 114. 11. 1111111111. V, 1111. 111111111111111

mr. 11181. beneficium 1111111 111411

f 11111. 1, 111 111. 111. 111. ,1, 11 vl, 111. 111

1711, 234251. 2911. 111111 1111111111 Vl, 144. ³60. 1111111

· 11111 1111 111111 111111111161111111111111111181)
11111111. 11. 1111. 1, 1111. 111. 1111. 111. 1111

1841. 111. 1111. 1111111111 1111. 111. 6111111111). 1111. ‘ .

’1111111111111111111 1111111 1111111111 11111111. 1111
6111111. 4111. (1111111111111111 11111 111111 211. 11111. ,
1.. 111111111111111. 111. 1111 ,111 11111. 1111, 61111111.

1111 1111111. 1111111 121. 1111911181, u, „mm ,

1111111. 111. 11111111 111. 611111 ,1. 1111111111. 411.
11111111 11111111 1. 111-1 131111 481. 1111111111111111 1
11111. 11111111 11, 1111111111111 1111111111111111111, x
1111111111. 111111 111111111111111111 111, 44. 11111111
11111111111111 111111 1. 1, 411. 111. 1. 6111111111. 1. -
1111111. 1111811 1111111185. 11111111 1111111111. 111111,
1111111111 11111, 1111111. 1111. 111 ,1. 11111111. 11111111. ,
’ 111.. 1111111311111 1111111111 11 111111. 1111111111
1111.. 111111. 111111 V, 1181. 1111111111 111111111111
111, 114. 111 1. 111111 1111111 lv, 111. 11111111 11116
111 11111111111111111 1111. V, 111. 11111111 1. 1111 ·
111111111111111 111111 11111111 111 11111111 111. 1111111111 1
111111111111111111. 111111111111111611111111 1111111111 ’

1111. 1111111. 1. 111111111111111111. ,1111 ’ ’

1111111111. 1111 1111111 1111 ’1. 111111 311111111111, 1

288. 1111111111111111, 1111111111111. 111111111281. =

11111 1111111 1111111111111111 11111 f: 1111111111 111111
11111111111111. 1111. 184. 111, 18111151. ’1111111111 “
11111. 1111. 111111 1111111. 11 1111111 1. 1111111. 111
111111111111111. 111 111111 11111111, 11111 1111111111 .
1111111111 111 111 1111 111 1111111 111111 11111 1. 111
1111 1111111111111111.111111111111 3111111111 111111
11 1. 1111111111 111111. 11111. 11. 111
111111111111111111111. 1. = Ι 13

 

