214 ·

149. 148. 94444181. 14 944. 449. 11411. 444 4414484444
’44444 2c. 141,144. 9444444444 114. 1141111419.
4444444 44441 44444444 414444. 491. 494. 419. 4844444
&mmmfflmw,ffi.mmm.uumm
mmmmmwfflmmwmmmm.
444444, 91., 1444. 44. 944444444444.34ι44411,.1144
41444444- 4844444 444. 91444 44444- 4444 444

’ = -,11 141. 4144. 9444441444 44444444 444444 44444

, 4441444114. 44 444 48444 4444 9444 .. 44 4444 4444 ·
⁸ 4444444444. 4444 6444444444 ,4. 4444 (4444181. 444444
v 44444 1441444 4444444 44 .. 4. 44444 444 44444 444 44444
4444444444. 444 4. 44444. 44. 181 44411441. 4449144
4444 444 64444444 44144444 41444 -44 444 444444 4. 144
9444444184. 4444 9144444444. 44494. 44 444 · 44114444
4 814441 444 44414444414444444444114444184. ciue
4444- 11, 44.
4144444444-44444444444414414444444 ’

f 4444 44 444411, 481.

4441444444 44444444 444 9444444 11, 91.
&rotet (44 4144. 444 4444. 444444444444441411. f

Ι = 14444444 844444 11, 88.

84444- -mita 441- 11, 144. 441 19444 4444-
’ 44414444. 44. 4144. 111, 144. mon 44444 444 · 44 444·

4444444144. 444 ·- 444 4444444 64414444 44. 4. 4441444 ἢ

.. 11. 49444111444444.. 11, 1115. (441.) un 46414441444441 . .

. ”qn 44144444 la croix lv,156. Ιο Symbola 444 (44441. ,
’ 444 'den 441444 = -4- 144. 444 84444444. 4444444444 444
444 blut. 1494444444 4444441444144444.448 - 218. 441 ³

’ 4144414444 4444444 444 444 44441. 414444 4. 44444. 144444.

“ 444 144444 4444- 481. 44 44444 444 14444 4. 14144444. 444

,emwwwwwmmmwwmwm

444 444-9444. 44441444 45414 444· 44 4. 4144444 444 ’

, 44444444. 111,.114. - 4444414. 444 444 44444 44444

111444 444. 444 octav, 444444· 414444 44 4444444444 ³ ,

11, 94. 444 444. 94444444. 444 44. 114444 44444 .. 14 444

 

