450
11111111, 111111 111 baem 11111. 1711116111

ι 1111111117. 11111111 71111111 111 111. .. 611111 111

0111117 11111111. vn, 71. ’111 7113. um. 111 111 11
1111 zm 1111111 7111111 mgr. 1111 1111111 1111
1111111 111 · 111· ι. 11111. ιιι. 1 11 1111, 111..-
1111111 111 1111. 0111. 11111111 (1· 7111171111) 1,
111. 1111. -11111111111 1111111 11, 7711 -11 11111
ιι. 11111. (1. 01111. 11111) 1, 711· 111 7111111. 111

= 1111111 (1- 111111) 11711. (1 11111111) 111171 -

m. 111 11. 111 111111 111111 ιν, ιιι.
Ὓ611111 111 Θ1.(111.1711111111)111ι11 111

’ 6111111. 1111 11111111 17711171 11111111 1.71111

7771. 11111111 1771. V, 777. 71111111 11, RN.

6111111111- 11111111 11111111 11111- ’1,1 111.
’1111111111 1111111 1111111 11111111ιί1 1111171

611111-111111111- 1117111111 1111111111 ι’

1111111,11111 111 111 11111. 11111 111 111 ιιι 1 111.

11111711.111111-,11111111111111,111111. ’

11111771161111111111111- 1111111. 1111 111
71111.11,77.11111611111111-1111111,171 111

Ι1111111111 1111111111. 11,-1111111111 111 11111111 ’

11111111. 1111111111 11111111, 711. 11 1 1111111111
.· (111 111 1111111111.) 711. 1113111111, gig. ιι. -eu
pie 111 111111 111111 1111111718. 111 7111 111 711111
1111 61111 111111 11111 111711 1111711- 111111
,1111111111 6111111111 111 11111111111111111.1111111 nit
11111. 6111111111 11111111 11, 1711 1111111111 171111
1111111. 111 aut 111111. 11111111· 1111111111. 1117.
1111111111 - 1111111111 1111111. (11111111 111.) 777,
7111171111 1111111111 111 1111111 11111.

0111111111- 1111111111-1111111 1. 1171 117
1111111 11111111. 1, 7111 111 16111111111111111 1111
’11111111 1 1111 7111111111116111111111111177
111111111111111

1

 

