[111,
’ 81111111111.11181.1111111181.1111111111.·11.
1111, 58. 11111 111113111111111111818111111. 111881.

31111-11111111.. 1181111111111111811111111 Ι

11111111111Β1 11111 1111111111,111. 111111 1111111111 ·
1111 1811118111 81 1111111 811 - 1111111811111111111 1111
111 11111111 811 1811111111. 11111 11111118111111111· 11, 84.
11111111. 311111 1. 11181111111. 8111118 811 8111 81111111
8111 111111.. 61111 1111811 11 1111111111 11. 111, 188. 811
81111111. 811 ·, 811111 8111111111 1., 8111811111,111111
111111111118 888. 1111 1111811 81111 811 -8118111111 Ἴ
11111. 811 11111118. 8111111111 fid) 111 8111111111 1111
lv, 187. lo 1111111111, 11111111 1111111111 ,11.1811111285..
111111 111 11111111 1111181111 111 811 - 1481] 1. 8111111· ,
111 211. 1111. 8181 - 111111. 111111. 1818111111111811
(1111111111 111, 1. -· 11111111811111111818111111111111.)

Vl, 11. 811 311111. 11. 1811.111111111111111111.111 .

1111118111 8. 111111111111111111118. 1111 111. 111 111118.
11. 221. —- 8111111111111111111111113111111111111(8111111.

ac.) 111111. 11, ²5. 81181111111111 11. 1118111111 8111111111 “

1111111111 1111111111 11111111111111 31111111. 11 w, 4⁵6.
3111111811111111(8111181111111,81.
31111.ξ)11181181 Vl, 41.

31111118- 81111 1” 11 111111 1111111111·1111 81111
11111111111811181181111.11.11,486.1111111111111118.
1111111111 3111111118, 88. .

3111111-111111 1 8118111111111811811111111111

11,111111,11111.81111,1111111111811111811161111·ς

11111111, 1111 111111 111111 111111111111111111 ll, 888.
111. 17111181. 811111811111111.·81811111,11111111111111, 188.

31111111·- 811 81111111111 181. 111111. 18111 111111
111. 8111811- 111 l, 88. 81111111111111111111 - 111,
881. 811 111111 (8111111. 11111111 1111181 1111111111 111,
811- 111118. 811 1811811111 1. 811111111111111 111111
111111111111111111 11111111. - 111. 1111 11111 111111Ι
1111 81111. 11181111. 11111. 111111 111 111111111111111111

 

