144
444444.4411441444444 44. 4444444444. 44444444. 44 44444
144. 44441 444 · 484. 1144414444. 4444. 444 nat. 414 444441.

- 484. 444 444 444 - 444 crimme 4444 44444444 4411492.
41441. 41441. 4441444 444 = 44 4. 644414 44444 492. 414

’ 44444444 444 (4444444444 44 444 14444 4. 4444144 4414444444

444 4444444 4144. 494. 444 4414 444 mun 444 44444 444
, 4. 4444· 44444 494. 441 444 - 444 44444 ze. 44 444444 444
444414 444 144444444-444414414414444 494-494. 44414
444444. 444 · 44 4444444444. 4424 44144444 444 - 544.
64414414444444 444. 4.· 492. 444 444444 (444444 444
4414444 4444444444444 4. 4444444441 44444 4444441. -W 44

’ 444. ze. 491. 4444444414 4. 4444 44444 -jn 4. 4414444444
’ 41444 vasen 44. 492. 444 - 444 (444. 4444 einen 44444

4444144 44441444 ze. 494. 444 - 4444444411 4144 444444. 4444
4. 444444 444 4144. 14444 444444 544. ι

444. 444444. 4444 444 4. 4444444. ’- 444444 444444 4444
44444 444. 4444. 444 4414 44444. 441444. 4444414444.
4.·4444144444. 44 444 4. 4441444 111, 244. 414 44444444 444
44144 - 4444444444. 444444. 11, 421.’ 44441444. 44444 4444.
4144144444444444444444-1441444442. 4444444444. -14444
444 444444444144444 4. 44444444 44. 444 444. 4444444444·
44444 4. 444 4441. 444 441114-14. 444444444-(44444144441.)
444. most„ 34444444 4.’-44441444441427, 413411. bet-bo·
1 4444. 444 4444441 444 - 248. 14114441 du 4444 444. le
floflt 'de 1444414444, do 14444411., 414 14 frug. 464.
14411144 du (1444 44114444. dan· 11444414 366. tinem
41114444 444 mit · 444 411444 44 1444444444, ’4444444444 444
’ ’444 4444444 4444. 4444444444 415 4. - 444 414. u. 4.
4441. 417 4.] 444 im 444. 444 4444444 4444 1444 414 unge·
1444444 444 111“,244. 4144444444 44444444444444 - 111,
449. - 444 4444 - 444 44144441. 44444. 444 4. 44414444.
444 444141. 44444. 4. 4444444. 141 111, 244. 444 mot. · 1
1444444 444 44444 44444. 1444144 246. 4414444 n. 444. 414 · ¹
44 4. 44444. 444 auten - 4444444444 44444 44 244. must· ³
,144- 444. Amphione· 444 4444 4444444 4441 111, 44.

 

