m
Β4444444414414414444 au 4444444444 441. - metue 41444

“ ’414444 4444. 44 444 444 314444ι4144444444 41, 144.

344444, 444 444144. 44444. 144444. 114 444. [444.
111, 444]
. stenen, 3444444444 4444444, 48444 4444444 44, 144.
1414. 144. 144. 444. 444.

31444,4441444414,444. ‚

34444444 4444444444 4444444 1, 41.

3444444444 -·- het 444444 bet 444 44444 4444 44
64141444 ein · 44444 um 444 &ott 4. 4444 gu 4. 14, 14.

3444444444 4. Usu· 41, 41.

3444444414, 144. id) 4444 bie 4444444 34444·
44444444 ze. 114.

3144 ·- 444 44444 4444 444444 3. 4444444, > 44444 444
444. 4444444444444 4, 444. ¹

414444 - bet 41444. 444444 44444 4444444444 Ge·

. 4444444 midae 44444414, 144. biex 44444. 44441 4. 4444

4444444 4444 4. 4111, 454.
’ 3444444 - 4444444. 4444444 bet - 44 4441, 441.
344444 4444 4144444144. Serus. 441, 41. 84
3444 . . ber 44444. 444 6444. 444444 44, 44.
344144 - 444 ies oie 4414441144 4. 44444 444 id> 141
’. 1, 511. 144 petitu-mames Zoilus 44411, 341. 444 2
“ 4444414444 .. 3444414,414. 44444444 3444 4141, 444
3444444444. 4444444444 14, 444. 4444. 3444444444 (5-
4444444.) 1,14. 4444444 bet 344444 4. &sunm 444444 414 F
mmmmmmnmmmw‡
444 4444. 41444 4444. 44444 bem 3¹. 144 44. 444 44441444
44, 444. 4444444444 eines 3444444 (bam.) 41.
34444444 414444. 444. 484 4. 4444· ,
’3444 mattea . . 4444444444. gener 14,144 444 444 ,
, 4444444441444444 3444444144411, 144. ¹
Zoroastre (4. zetum, 414414) 11, 344.
34444 - mit 444444 144444 im 4444444 4444 444
aad> 444 ω 444444 44444 414 4414444 41, 444. 4444444 4. ζ

 

