Ι 1

858

111 5 11181181 85111. 55111111 888 85. 5511815151158558·
{auggg 1815411 588 511188 5881 8. 51181 588 88. 55581111.
55111 5118885885. ..185 185. 1518115111, 15. 518881. 55558

1815. 1511115118855588888818151881.11111211.Ι

, 3858 51155188 588 15881 111, 81. 3858 1111, 259.
“ 55888188-81811158118115 115. 18 181881. 551185

1815 -3 8115 58815811 51511188 158 58188111. 1, 188. 1188 ,

188815 18811551 5. 5855. 1515185 888 51111581 5811111851.
1811881 11, 894. 115. 11 11181 5158851185155855. 5.)
. 111, 899. ,18811 5. 111158 (82.5) [5,1521 91181. 8.- 815
1185511515. ’8. 1188 518. VH, 151. 5588818558 59.

· 5551181518 - 5855811. 1888111588 1188 81111· · 588
(55155ι 9111188 888 5. 515858 585188 55115 1, 58. 515
5185815. pro 8151588. verno 11188118. 5818818515. per·

' 8885588115555118115155118811·Ν,115.51811181118

au· 255. 51155 558 555818 8. 38811. 15888 15181585. 288.

-5151511118111118588 88 151581 158118 -1815, 1811181188 ’

188 55111 1515115188 1585. 18 1151881111, 59 518 61851 558
1518158111 5. 5885158. 511888 45. -5188511 518 1885 885

88158 81181 51181158 111 58. 585 8118 11. 9111115 5. 15 5158· 88· ,

818588511851. 11511. 51851192. 18111115 1815888885551111.
— 8811 15888 1111511 8585815. 381111 8111811. 558185. 11115.
558855. 8. 5988551885 · 152. 88158885. 5811181815 - 8588
51515111. 5818151888515. 588 5511. bt. 8881 81158 118558

5188858888185. 1111158115. 588 81188. 18811. 88. 8. 5581 . ·

85858 5181811. · 188. 585. 851. 11551. 511188 5511. 9181155
5851515588 118881 85588 55. 55111 555. el 558181. 51151·
1855188115 198. (851. 159.) 518 5181. 8. 15181. 588 81188.
8111118515 58881581 81181. 155. -1851511811111815 111 51118
558 8188188158181158 58855.. 518 5858188 15888 9511558
1181581111.1181 185981158618818 ιι. 8185885515. w
155. 5885511. 55581559181155818151181155118518
· 5118888 55111181 15581 185. 51585888 85 518 (5815185558.
818188585181 811151 118111 5881115188 5111 111. 51185

 

