191 ’·

11111411, 344411. 44 344114 265-361. em 26. &eph 1764
144141 14 11161. 26111334. 6611614411. 336.

4114411144 (2) 111, 217. 222. 441141314414 444411. 66411
1114.41114141.14141411444333 6141. 444 4314114141 441
6441. 6341. 346. 64111446141141461 1. 61414 346. 11 1411

344117651416114144 1411141. 3411144 3421. 4411441.

’14 1114414144 3441. 184141 1411114347. 4141414 61114144 “

’348 141 11143111. 343. 1352] 141144 14444113. 355.
,113 414141144. 6414141444 357. mitt 4441 11444144 14411
368. 341. 1767 41414414 11141111. 376. 31411441 4431
14413414 1. 1641441 372 61141 1767 1441414114411441144
’11441144 1441 34416 41. 3441441. 373 374. 4444411141
26311114. 38116414441 141 3441411 384.

- 1767-77 &ornain-traductam 141 144 3111114. 1,
13 3 7. 266. (1111, 282) 3414644143. 144 36 44125
3114. mon. V, 18 (1614414144. 14411144, 44 6614144461(

441.) 441. 11131 44. vlu, 144. 13444111416414. ¹ ⁴
267. 341411 14 1111441144 6411 166. 226. 242.ι 111441.

41411. 31411441 151. 268. 1414144 copim 242 276. 365.
1, 63131. 1111, 266. 1141411114134111. 11, 17. 3441144

14414444. 3411. 18. 4141141411. 4414414144 64441 243 ·

1,126. 1441164141. 4. 4111 4441311441. 176. 6444411.
4411144 344. 3141. 1, 26211, 115. f

1777 344441. 444 114 6144414411114114 1, 2661. 44131114
(14411446ι31111441., 146141444441144) 2651. 211. 2121.
11, 2311. (3461144444. 111, 368.) 1344141111. 1,Ι 21111.
221. 13441441 1411144 341441413441. 441441466414.
2221. 2431. 2381. 1411 3414 4. 34107771641161.
6414411 114414 11414634144144 1, 228. 268. 1431314441.

1411111 44. 2461. 134141 44 144 6141258. 264. 31414144 ·

11142661. 286. 6413111114414411, 136. 414144 3413.
4141344414. 163. 64144 im 111ι 4. 3414144 ibid. 216·

367. 11444144 14144111. 3414 1881. 111174. 6414111,Δ ⁴

268 11, 128. 367. 114 1441641144 (V, 261.) 414141. 11,
m 2661. 3631. 867. 326. 3481. 873 376 111, 36. 134.

 

