Μ’
m . 444 44444441. 44444. 414 14444 4144411 14. 1444441

444 7 444 ,44444444444444 ,14444444 4, ant mm e· . ,

. 4441144444 14. 64444144 444 44444 44. (4114444444)
144. 4444144444 444 - 4. 44444441 444 4144444444. -
144 24. 444114444444 44444441. · 141 44141144 44. 44114444. ’
¹ 444 - 4144 444444. 4444444114 44. 4414 t. 44 4444. 41444144
mwmwfflmfflmmmwmm
44444. 44444. 444. 114444, 444414 4444 4444· 4444414444. ’
1144414. 44 44444441 441. 44444444 444444 41. Bonum 4.
444414 114. 414· 41411444. 444 -“ 4111, 4444 14444 144

411444 4. 144 444444 44. 444 41444. 444 ., 444 44 a· θ’ Ι,
444 1444144. 441441. 441 61144444 4. -, 4414444444, 44,

414 4414444 14 44444414. &tamuz 444 - 44. 444 114444.
, · 444 - 441. 4. 44444441. 44. 4444444 4141444414. (4444).

4444 11. 444 · 48 4. 4114. 4441144444 444 - 4444 «14444
organon 444 4444444444 [414. 4.] 4444444144414144444
4444444 444 - 44. 44. 444 4144144144 444 · 411. 544444.
4444444444 441444 44114444 444. 444· 49. 444444 444 '

‚mmmmmmwmmm;'

4144· 4444 44 44441. 4444 444. 4444444. 414 4444 444.
34444 44. 411. 444 44411444. 444 - 44444 41441 44141. 4444
44444441. 4444 114444. 4444 444. 444 44 4. ·4. 444144 (4. 1
44444144) lv, 1114 vll, 44. - 4. 6444444441 (4. 44441444.)
14444 4444- 441144 444 411441. 4. 144444 414141 4444 ,
ωωωωψωωωψωι

844144 14 4 44 441414444444144. 414 · 14, 44114 144 44 4414 ’ “
4. 4144141444. 44. 49. 64444144 4444444444 44. 44444 · χ
4444. ‚11- 44111. 3414444 444- 44. 414 4114444444414444 ·
48. 4444144414 414 (4414444444 444·1 4441444 4141141.
para 444. 41441. 14, 41444414. 44. nat. 4141144414
44144, 1444 441. ι, 414 4444444 1144144, 414 444 rationis
144. 4444 14444444. 444 aetio 44414, 14444 mit-1 41441
414 4444414144441, 4444. 414 111444, 414 444444 41444144
444144 4. 44 4444. ac. 4444. 41144 (4444444114 11444 41444,
441 441444 441444 - 144 41444444 4. 4441441444, 4414444444

44444444·4644141441’111.Ξ4.4. 82 . . 1 ¹

 

