¹ 3111111111111111111131111311 111. 11111111· ,
111111 1311111. 1, 11. 111111 1. 311111 3111111111 11111
’11, 33. 11111 1111 111111. 11111 11111111. 31111111. 11,, 1

1131. 1111111111.311111111111 311 1111. 6111113 (13113.
611111311111, 131. 11111, 111] 1111111. prot.
1111. 11 · 191. 111 11111111 11111 3131111111 11111113 “

, 11, 19. 3111111113. ..1111111 11131111 -11 11, 114.

111111 111 1111131111 1111111111, 119. 319. 1131111111
1111111111111 831 311 &aab 111111 boll· ὅ111111. Ν, ·
“ 111 11111, 111]

x 1111111111 1111111, 393 .

, 1111111.1113.111111111,31ἰ113. 31111111-111.
11111111113111111111111111111 11111 31111111. 11111111·
1111 149. 111 111111 - 11111 61111311111111111. vll,-

. 18. 11111111 111 111 111111 - 11, 311.

home, 111111, Elementa 11 0111111111 111, 118.
11111111, 114. 113. 11, 213. 211. 11111111 11111 3.
6111111111 1. 111111 1, 118. -11111 3111111111 111, 111.

· Semper 11 ον... 11 1111. 11111111 311 111 111 111.

· 111.. 11 11313. 11111111 1111111. 11111311311111113
· 1111111111 1111111 311111 11111111. 1111 11,,11. 1111 ex·
§empty - 1111111111311 3111111111 38. 11111 1111 311
1111 11111. 11 1. (31113111 1111. 1. 11. 1111111111 13.

1. 11111111 111311 111 - 1. Dede 111, .· 311131 1111111
111 1111111111111111111 11. 13111111. 11111111,.1111
Ι ’ 1111, 1. qui 11111111ιί1 ote. 111, 1119. · 11 1111111111
’11111 1131111. 11111. 11. -111 1111. 119, ,3111111111 1111
311 111 11 1111111 311 - 1111111111 1115 11131· 111111
111111. 11111111111111. 1.11 111111131111-11111111111.
1111311111111111311111 311111 1131111 11111111.
3111111111111131311. 13111. 111111111. 1111111 11, 113.

111 11111131 311-11111111111111111111111 111111. ,

1111111111 1111 11 1111111 1. 11111 1111111. 311111. 1111
1111111111 3111. 311 111111. 11 1111. 211. 11131111. 311-
1111111 11 1111111 113 11111111, 1111 111 111 11111 · ·

 

