*tomss- 1111111 111- 11, m. 111 1111111111111 ’
111111. 111 111-1111111111. 111 ῦ11.111111111111. .
111 611112111111 ’.11 lv, m Ι ’

ῐιοὸὴίανῐὶομῐι vl, 21. .
‘ 11111 *1111111111 1. 1111111 11. 41111111- 41111
11111111111111111111. 11. 11. 111-19. 111 1111111111. (11· ι

’ 11111111111111 111 1111111111 111. 11111111. 111

-·’11111’ 1111111111 11111611 11111111. 1. 1. 1441. 11
1111 111Ἒ111 11 1. 1111111- 111 111 111111111111 111

111111111111111414. 1111111111. 1111111111. 111 r
1111 1811111 1111111111 1. 11. 11111111· 111111 tinniret ' ’

11111 111 11111111 111111. 1. 11. 111. 111111. 111111
111111 111 111..·1111 111111 11111111 111111 [1111111
18111111 888. 111 111111 1111111 111 1. 111111 111111
111 fidunt. 1. 11111. 111 11111 1111 111. 111 ,11. 1111 Α
amatas-me 1111111 1111 11111111 31111111. . (11111111)

111. 111, 111.. 11111111. 111111 111 1111111111 1. (11·Ι

11111111. W, 11. 1111111111. 11 1111 1111111· J

meis. 11 11211. 11111111 111 1111111. f. 111 111 11111 ,

Ι. ‚Palm Vl, 1⁰. 11111 111 ”erss- r! γέγραπται .’. 1111111116ῖ
1111111111 1. &tage 11 πῶς ἀναγινώσκεις vu, 81. - Ι
1111411111 111, 41. · .
-’ 11111 - 1111111111. 1111 111 ·111 1111111111 111
611111. 'ro 1111 11111 11 1111111114. 111 111 111. η ·
11111 111 6111111111 [1111 1111111111. 11, 11. 6111111111 ,
111 ·1 111111 4111111111 1111111 11. 1. 11111111 .·
1111111111 111. 11. n. 41111111 -111 11111 &firm
191111· 11 111111. (11 1111111 1111111) 111111 1111 .
llas. 111 - 11111 11111141 115. 111 · 1. 1. 11. 111.

-1 111 11(1-1)11111.111 1111111 111111. 1111 11111111 .

Ι111 111111111111 11111 11111 111. 11111 1111. 11 111

· 11111111. 111. - 1111111111.1111111111. 1111111..

1111111111 t. 111. -111 1111111111 1111. 11111111.
111 111. 11119111 1111 11111 1111. 11111 11. 141.

Ι 11111111 111 . 11111111. 11111 1. 11111 {0131- 1111, Ι

. s Ι

 

