12

² 0001000100 11, 000. 00010010 01, 42. 00001011000000

011,10. 0100. 0100000000 0100000. 10, 01. 00100 3001

000 01. 0010000 11, 280. 10 01. 000000 0011100000 000100.

tunt 2c. 111, 202. 001000 01. 60000 0011001000 10, 000.
οωοωωωψψω,.’

0100, 0000010 000 &feu 0011. 010000 01, 08.
ᾖαωωωοοωωωψωωωο

1110001110 Magnus (0001100111ῖο 111, 416.

0111100010 31011100. 11, 7.·10100 l’Alehymio ptr 100 -
dont· d’autrui 10,100. 00010001. 11100. 01000 0101000111οι0
11, 00. 00100 001101. 00000 010 11. 10, 01.

0101010000 00110 000 0010. 010 000011. 0800. guban·
100 11, 40. 0000110) 0010. 00000010 000. 0011. 0000000 10.
, 010100001101000000111,00. 1101001001εο 0000010100 0110ου
1010 0, 80. 010010οἰ1100 0000000000οη 000 00111010 121.
‚ 1110011. 0010000. 1010 010. 0000 01, 104. 010. 00011000
00110000 ,(0000) 111, 240. 010 1011011. 010 zum 0110110. ἱ
Cim} Za Vll,224. , ,

’0101001100 0011010100 11, 00. - Ι

10100000 111,41.80.88.80.οι1...01010101000010011000.. “
01000. 80. 1100001. 11. 000 00001000. 00.

0110010. 00000100001100 10,108.

0010000010. 010. (000001.) .. 00000 010110 001000
1, 0001. 0011. 11000 010 000010 000 01010 00001100 11, 108. ‘
01080001011100010 001000001000. [000000]

0100010000 00011000 000 11011100, 0000000001. 10100100.
100 11,11. 000 0000 100000 0101110 10. goth. 1100100122.
(00000100001000. 010 010000 01101000 geg. 00101). 110200. ·
0010 00 000 0000 11, mv„ 000. 0. 00000 graece
10101100 00100οῐ10 000. 010 1001 0010101 0000001000 nuent.
3011. 210-0110101000000 00000000 010 0. 0110100000 Ι
11100. 11, 210. 040.

Alexander 00000100 v11,95. 0. 0. 60110101 vnum. ·
-00 10010110 000000. (10100. 120.) -·00010111.10,000.
(001. 0101101. 0111, 000.) -· 0001000 00000000 01000

 

