' 111

1111111 31111. off: 18. 111 111 -1111111111131111111
111Ι 1111111 11111. 1111112951. 111· 1111111 1111111111
1111 11 111. 111. (111. 11111111) 61111111, 98. 11111 1.
11111111 111111 - 1111111111. 11111111111111111111111 ¹
11111 1111111111 113. 111-111 1111111111 1111111111.
1111111111 11. 119. 11 111111-11. 1111111111 11111111. 11.
122. 111111 1. 1111111. 31 111111 11111111. 111- 11
131. 111 - 11111 1111. 111111111111111111111 suge·
[duieb.; 11111 11111111111111 111 111111 111 1111111. 11
1111111 111. -. 111111 De! 111111 111111 111. 1. 11231111
1111 1111111 1111 11 1111 - geben, 111 1116111111 1111 111
1111 11111111 1111111 163. 111 - 11 11111111 111 1111.
11111111 11111111 1111111.. 181. . (1111111. 111 1111.
11111111. 11111211. 111 11111111. 111111 1. 11111211.
- ·· 11111111.. 11111111, 11111111. 114. 1. 11111111. 6111·
11111111. 111111 1111 1111111 1111111111. 1111. 111.
1. 6111. 11111111111218. 1113111. 111 1. - 11111.
&celan 11111111 1. 11111111. 11 128. 1111. 1111 11111·
111 11111111. - Vll, 128. 1111111111.. 1111111111 - 111
1111 111111 111111111111, 111. 111 1. -11111111111
61111 1111111 11. 391. 6111111 11111 1. - 1. 1111111111.
V, 115. 111 - 1. 11111 11 111-111 1111111111 111 1111.
111111 1111. 11. 1. 111111111111,411. 111· 111 11111
11111111 1111. 1111111 111. 111111.. 111111111111111. 1111111 -
11111 1811111,11111111, 61111111 111 111111111111111
111111 11111111111111111. 111 111111. 111111 1111111111
1111111111 398. 111 - 111 111111. 11111111111111111.
111111 - 11. 11 1111111. 491. 11111. 1111. - 11111111
1111 11111111 11111111, 11. 111111 611111. 111 11111, 111
11111 v1,22L 1111111111 111 -11, 6111111111 141.
(111111- 1. 1111111111116111 1111611111111111 1111
gandia 1. mula 11111111. V, 171. ,

1111111 1. 1111111111111.. 111 - 11 1111111. 1112.
Β. 11 111 - 11111111 11111111111111. 11111. 111, w. 111
111 - 111111 11111111111111111111 1111111111 1111 1111

 

