981.

‘ 94441144. 111, 4. 444444 444 41444444 444, 44444 414 444

“ , 914444 4444444414. 11. 444414. (4444441444 444444 44·
1444444144 44444444 444. 3444 (44 4444414444.) 111, 249.

· 11444444) 41444 44444444, 444. 444 444 414441 44444444 1144.
111, 449. 44414 444 414144 4. 411444 4. 444. 44444 44. 484, ’
4444 414 41444444 44444444. 644444 411. 44141444 44441144·
4444. ltaliam, 144444. 4444 4444494444, 444444 444 44444·

4 41444 4144444 ’4. 414 w„ 44444 9144444444 44441444 ct·
444444 44 bl 4444444 444. 414 4144414444 41444 49. 444 444
944444 4· 4444441, 444 4144444441. 44114444 444 44444444
0444444, 444 444 4944444444. 444 441444. 4. 414. 4144
44444414 44 4444444 94444 44. 4414. 444 4444 444 444 ’

’,44444444 oet 44444 aar 4444 4444 »on 444444
44444444 lv, 94. 14 4444444 44. 44444 414 4. 94444 44. -

, V, 256. 4434 444444 Vk, ⁶⁷. vn, 149. lo sang du grand
W. 44444 mg& 444. 9114191. innuet& 4444 ees banss
dito· qui 4441441 εἰ 4444444444444 144 44444. d’or 44
d’arg: . . 44. - 444141444444444 444444 11349. ‘³'

4444444444444 -· 444 144444 4444444444444, 444 44444
44144 444414444444444444 4.· 4. 41444414 444444 444. 444. ·
94444114. 444 494444444444 141 414 4444444 44444444 444
4. 9444444 4644441444 4444444 444 444 44444 44414 4. “
Ι4114 4444444. 4441441441 494 4. 444 4444 64444· 44911444·

4444 1444444444444444 4444444441. 44444444 lv, 444.

. fflt 4. 91. 44. Vn, 44. 4414..44 4444 wit 44.

’ 414144 ,ι- 444 4444 · 444 44444 V, 419. - 4144 44·
444444. 4444. 44444 4441444144 44444 44414 144 444441.
94444 4444 444444 444 9144414444. lv, 144. (4. 641441.)119.

444 641441. 14 4. 4444444144 4444 444. - 494. - mita
1444 (4· 4444444444) 14, m. (4. 4444444) lv, 41.. ’
4141144144 4. 4444444 41449 441. 114.. =

1414444 -4444 444 44144 - 4444444444 ’44444444 n.
4444) vm, 12. 4444444144444. 44, 444. - 144·
444444 44 4441. 444 441444. 4. 444 4444444, 444 44444 4414.
4444444· 444 4. 44444 444 644444 111, 1444 1144444 4.

 

