¹ 666.

666166. 11611 11616161 61666661.66116.66111661.16
6166111161. 166. 66116 1767. ΙΙΙ, 686. 416. 661661 1166
6661. 661661 116.11166.16.1772.16,64. ’

66661661166616161116666161611116. 61, 2111.ε 66666166 6-’66

’ ’6666661641666 611161 6616661166- 464.

6666666611111666666166616161 1111166161 61161661
’16661166 1666. 6661 6. 11616161 16111661. 16161166 11, 216.
786. 66 616666111666 66611661 611,76

6616666- 616 61161616. 6116166616 661 6611. 116666 666

666-11,664.61611661161161666666616611661-116

66661161 16, 674. 616 116166666661661111166161666
66166. 616 61666 16 6611616611. 666611. 6666. 261. 616 66666

' 611616 61. 666 6.616 66116611. 6166666611 6166616661666· ,

66616166 (6616 611, 61.- 6616661. 66161616 116 66166.

Ι 6166 11161 6161161 611 66661 616 111661 666116 1616616611,

6441111116.) 61111161 6166666611. 66616166 gu 6611111,
224. 2666. 6166. 6666166 6666 6661616616 6166 16111116

2626616 6616166666 6 6116166611 66116666 16 1661 16661 ’
6116616166616616666264. 66666616616611166 111, -.26 ·

1616 6161666161 6166 11 6. 611116 666 1161611. 6166661666-

,6661 61 66666 16 66661. 661661. 6666616. 66. 114: 64
“ 6661. 6166. 126.141.--6166 61666116116666 6616166666
6116666616 16,246 ”

666616--1661’6116116111116616. 1666 [16, 4226
6616111161 ΙΙ, 667. - 6666166166 16, 461.
66616666- 661666 61661661. 66666 1666 616 11616

1116111 6666166 611- lv, 426. 61616 666166 616 61666· . ³

61116161, 686.

66616 666 1161161616 61661616 661 661666 166111. 616
66166.·.1’11666.111666 116666 116 6666116 6666 6161661166
s 61661. 6666666166666 6166661666 616166 1116666616 6666
6661666 1661666166616 611, 12

· 66611166616111616611611, 66.

-661666-1· 6611 661 666· 6166 366 6611 1611 1111 111111 s

= 666. 11 1661166661 611661, 177. 666 66 61111 111166

 

