y ¹ 666
6366666- 66666666 666 e. 6666666666 66 666 26666.

·11, 26. 6666 666666 666 666 66 666· 66666666, 66666 v
66666666 666. 616666 6 66666666 6 66666666 ιι. 27. 6666
66666- 486. 481. 66666 666666 6666. ιι. 66666666- 667.
(bum. 66666) 6. 36666666 6. - 6666666666 66, 16. - 6.,

· ¹ 66666666 666 6666666. 6666666 6. 66666666661666666 66,

16. 6666. 66666666 666666 - (6. 6666666666 666 66666.)
27. - 666 6666666 66666 666 6666. 96666666 66666666 666
6666 666 6661666666 ιι 66666 6666. 66666666. 666 66, 28. “

’ 6666666666 482

mn·- 666 666 6666 66 6666666666 666 666 66666. 6666·

“ 6,66 666-6666666666 66161. 666 6666666666Ι

’6666 66 66666666 666 66666 6 66 666 6 66666 6666. 66666·

· 66666666 (66066666 6666666666 66 266 6666666666· 298. .

666. ὓι666 666. 666666. Vl, 278. 66666666 666 666 6

68666. 66, 862 6666666666 6166666666 66, 467

, 66666666- 6666. 66. 66666666 6666 66, 176.

6666666666 66, 46.

Ordinis 666666 66, m. 666 66666666666ὓ6666 166·

- ’6666666666 666666666666. 6666666666. 666666 666666 66 666,

166. 6. 666666. 6666666666666. 6666666666 66, 664
66666666 666 666 666. 666666. 66666666. 666 666. l, 468
66 66666666 6 666666. 666, 84Ιί 6666666666666- 66· 66·

· 666. 666 (6666661, 642..

666666- 66 666666666666666 6666666666 66146
*26666666 666 666 8666666666 6666666. 666666666666666.
66, 46. 8666666 666 666- -666666 666 666666) 61. 666
(6. 6. 66666) 6666 666 6666666666 - 666 neuen 8666666666
661, 166. (6. 6666666)- 66666 6666666666 6666 mr·

6666666666 6. 66666 6666666666 66666 666666 66, 46. 666 “

66666666 66 6666 666 - 666 66666 666666 6666. .

6166666- 66666 6666 66666 66 6666666666666 bet 666.
86666 6666 66 666· 66666666 66 6. 61,”267. 666 666
’ 6666666666. 6. 2666. τὰ μυστικὰ τῆς (6666666 ὄργια 6666668

66, 646. (16666, 266.) 66 666666. 66666 6666 66 66 mv

 

