'' 111 111Ι 11111. 1111111. 1111. 111. 19.]’111111111116111111
1111111161111111111148. 1111111111 98. δόξη, 11111τὴ11
1111 · 11111111. 41. 111 111. 1111 111 11111. 11111111
1111111. 11111111 111 · 11, 61. 1111. ’1111 Q. 1. 31111.
111 111. 91. 111111.1..111111.11111111 111111111111 .
111 -, 111 1111111111. 18111111. 111111. 1111. &ndu 111

1199. 1111111111- 111 11111 11111 1111111 111. 11161111 ⁸

· 111111 1111111111111111111111111, 11 1111111111111111
b- 11111 6111111111 πάντα Θεῒα 1111 ἀνθρώπινα πάντα 95.

-, 111111, Ι1111111 . . 111111 111 111111 11111111. 11111. ²

111. 1111111111 1111111111 1111111111 111111. y
1111111111111111,114. 11111111111111111,111. ⁸
1111111 -1111111 111 - 111111. 1111111111 1111111

11111111 111111 1·, 414. 111111111111111 111. 11111111.

111, 11111 1. 61111494. 1111111111 11, 411.

11111111 1111111111. 11111 111111. 111111 (1111111111)

. 311. 1711. 111, 217.

1111111 111111..11111111. 111111111111111111. (11111.
19’11.11111113-2-ξ1 11111 11111 - 11111111. 1. 11, 14. 111111
111 1111 11 1111 11111 111 - 111111 11111111 1111 1111111

111111 19. 11111111- 111 1111. 11111 19111111. 1111111 ·

111111. 111111, 1. 111111 1. 1111. 111 111111. 111111Ι .. 11.
111 11111. 111· .. 111 1119111111 11111111111111111.

1111 111111 1111 1111111111 11 1. 111. 1111 111- 11111- ’

11111 11111111 1111. 1111111. 118. 111111111111111 111
111· 111 1111111111111111 111 11111. 11111 111. 11111
1111111111. 1111 11 11111 111· nod) 11111111..111ι
11111 111. 111 1111111111. 111 1116111111 1111 1111111
111.. 11. 111 1. -111 111111 (6111. 111111. 11111111)
111, 51. monstro 1111111111 Ν, 118. 1811111111. . 111
. nint. 111. 1111311111111-111,11.- 31111111 111. .
11111111 1111 11111. 1111 1111111. f. 1. 11111. 111 11111.
1111111111 1111 1111. 1111 111 111 11111111 111111 1111111111

114. 11 111. 111. 6111111111111111111 11111 111111.

 

