Ι 183Ι
τψωψοωο00οωωωω Ὺ

11,280.,000100001 0. 0. 1001000. bet ·, 010 · 00000 000
011110 0. ’0110 000 403. [001. 11111, 140] 0. 4110000100.
ten 011010 0. - 10 0000010 10 001100 01000 110000 404.
10 000 1300100 0. mot. 0011000100 000 - 0. 01. 000 010001 ,

bet 010100 0011000110. 111, 450. 1000 0011001000. 001000 v

010 100010 000 -·0100000. 141010113101010000 00000 01000-
0000.01011.0000101 00 0. 430. 00100 1100. - 111, 185.
010. 0000 . . ben · 10001010 111, 11. 010001 0.- ulmetu-
0000 01. 010 10001. 01010000 100011 0. - 1110 1110000 01003.
on rot. .. ingen. grajum 01000 (3000011100οὀ vlu, 380.
100 010100100- u. 010000 1000 000000 0000. vll, 150.
00 10000 (0010100 000001 000 bet 01000 aspirant 000
0101100113. 1010 301. 0001) 000 -30000 04. 0οτ - seit
00001. 300000 10 000001. e. 01110. 0. 11001010 msam)

010 0001000000.101100.00. 0001011010001100000000 · ,

001. (0001110010. 0. 00100010. 10 000100000111001 000
010 fid) · 0. 0001. 1001001000 108. 00110 000100 110014.
210. - 00100110 01001010 0000100100. ,0100 0101001100
010 000 010 101001 100110 10100 00 1. 1, 344. 01100001 000
000000. ,bet 00. &pm 1000 010010. ze. 4481. 01010010.
0. 010. 0000001000εο um 00. 00 000000. 440. 00100.
x 000000. 408. 0. 01100000 503. 111,13. 0. 01111100 10.
00000000 0. &ub- 131. 141. 180. 100. 200. 000111.
0. 000. 000 01. 0011. zc- 11, 204. 000 30110000 000
0001011101 ist 00010 00010000 10 0. 0. 600. 100. 300. 000
00000. 00 001. 301100 10 000. 010001 (00. ’000000 010
0000 000.- im 110. 00000 0000000001. 010. 0010001
,01000 00. 01002140. 0001110010 800. 0. 00011 101011 00100
'mmmwmmmmmmw
0001001011. 0001000. ,010100 (00000100. 010 1001000000
01101 10000 100 01101010. 00000001100000010000003

. 00000010 010 0101. 0. 0001100000 0100. 10 0. 01000. 000·

. 1014111011, 330. 0010 0. 00. 0000. wala. 1011011101. .
000. 0. 0010000 00 0. 4110100. 11, 310. 110. humano.

 

