,288 Ι Ι
’. §thule 66666 . . 6, 166. 1616 [61666661666666666666666.

,6. 666666. 66666 . 66166666 6666666 616 66611 . . 11, 61. ,

.-’- 66661666 66666 616666 6. 666666. 11641. - 61666666.
6666 66666 666 6666666666 666666616666 11, 8. 666 666.
,6666666666 66 666. 66666. - 28116- 6666666666
»om 66666661 66666666 466. - 3666666666661. 616666.
6. 6666666666666 11116666- 116166666. 66. 6666666. 6.
6. 66666611, 66. 66166 666 61666666 6666666666 66666.
6666666666 66666666 616666 6166666 6666661666 462

. 6666 ύ-66611666·6166662). 66666666666616666 1

,6666 66 6. 666666. 66166 666 66166 66666.. 666666, 66 66
666666 666 66 6. 66666 666 6666 .,. 66 6666666666 1, 64, ·
666 66666616 3616666 666 666 6166666. 66666616 6666 6. -
66 6. 8666. 666 66661. 66666666 ibid. 666. Ι616666 mat 166
666. - 66 66666 61. 66666.. 66666666. 66666 6. 6666666·
,16666 6661. 666. 666 61616166 666. 6. 6. &ule 84. 6666666
· 6666661161 666 6666. 6666666 666 666 6666 66661666
1116666. 66 6666666616 6666666. 66666 66 666 . 666 666
661666 666. 666 6616 666666 616 ’6616 6. 1661. 66666 mit 66666.
666. n. ,162 66 66 66666 6666. 6 6. 6666 6666. 666666
666 66666661. 6666666 6. 66 66666666 666 6666 6666118116.
66666 - 66 666666 166666 6166661. 6. 666666 1666666666.
666666 6661 666611, 126. 66 6666 6. - 666 666. 666 666.
66666616666666666 661, 666666 mit 66666616 666 61666·
6666 666611, 162. 666 - 66 6. 661666 666 6. .. 666 66·

66666166 66666 666166. 66166666. 6666 666 6. - 66666 66 1

666666666616616146.661166666666.666666.-..666

’ 66166. 6666666661. 66666 6661661666 6166666661 ,66666 666 666·

66666 6666 66666 466. 666· 6666666 6 66666 6666 mus
6666666. (11666.) 1621111166. 666-6666666666
,66161466 6. 666 11,8a 61666 616666 666 6666 6616666.
6616. 6. 6666 6666666666 66666- (666 666) 121.
616 66666616 siout 666· 666, 66616. 6666666 66 6666 666

’ 666666 66666 6. 3616666666 666 6666. 61166 666 269. 616 ἒ
Ι26666611666661666 66666 61661661 66666. 666 .

86.

 

