882 ¹ 1
1111111 - 911111111119111111111111111- 11, 118.
111111111ψ1111111111111111111111-1111111111
11111111 111911111111111111111 111111 111 1. 1111119111 .
11111111.12,29.1111121111119111111119111111111211,

,1111111111 1111111111 111 111 1111112111 1111121111

’9111111111 122.

9111111111 1111119199211,118.-111111111111111111

21, 29.

, 11111111. 111111. 1.911111(11,419.199.) ,
11111111 12, 421. - 1111111111 11, 199. fl ¹
111111111- 191111111111111111. 11111. 111111. - 111

111111 1111111111 119, adventitium 1111111111211, 99. -

1111111111 (19111111112292291
1111111111-111111111111111111111μ211,12. .

1111· 11111111111111111111111 111. 11. 95.- 1111111111 ,

1. 9111112111 (11191111. 111) 111.
211111111111111-41131111111111191111111911. .

111111 1119111. 1119111111 1.· 111111 111111. 11, 91. .

1111112111- 11111111111111- 1111 1. 111111. 111 J
911. 12, 99. 9111111111. 2211- ” 111 1. 21111. 21, 11.
9111112111 11 1. 91111 1111111111911111 11, 911
1111111111-11 111 11. 2111 1111111111 1111111111 1.
1111111121 11, 112. 9111111 1111111111. 9111. 212. 222.
»1111112111 9111111111 1111111111 21111911 228.
1111111111 Ι2,219.- 21112 2111 1111111111 211, 89. 11
1111111 111-11111111,1911111111911111111 ¹
111 11111111, 291
, 1111111111 1111111111 21, 939. 211, 89.
11111*11111111121111.1911111111.11,111. 111.
11111 -111211112, 1. 91111111 11111 128. - (1111

9111111) 182. on dit que 91111111 1119191111 “

9111121919114.111111.11111211211112111111.
11, 2911. 911112. 9111112191. 92111111 111 11111.Ι
9111111.199.11111111111219111111 1111111111 112141.

25*

 

