'122 ,

zeh-1313 333333- 33 33333 11, 33. 3333333333 333 -
, .

3333333333, 33333333 353333. 33 33333333333333 333. ”

3. &orn 333333 1V,‘1112 3. 3. &eL 333 -3 333 33 nicht ,
333. 333331 33. 1113. .
,3333333333 - rein · nimmt 333333 33. 111, 134.

3333333333 -·- 33333 333 33333. (333331. 33333. θ3333· “ .

33333 3333 bie 3333. 11333333. 333333. - 333 333 6333.
333 333333 33333333 ΙΙ, 333. bie 333333.. 33133 333.
6333333. 3. - 33333333, [mint ’33333333 333333 33333·
333 3. 3. 333333 111, 89. 3333333 33333 33333 33333133
333. 3333333333633333) 33333333. 3333313133. - [333
3333. 3333- 333 33 33 3333 3133333 333 31333 - 383. -333 “
’33333333 33333 3. (3331333 433. - 3333333333 nat 33
met 33333 3333333333 nutet 3333333333 et· 33333. 31333.
33333 33333 333 33 333 31333 333 33. 33333 33 333. 333
, mit 3333 ber 333333. 333 3. 3333333 333 333333 33· 333·
13333333 lv, 331 f. 33. 33333313 333 33333. 33333333 (331.
331), 3333 333333. &cite 3333 (333333 3333. 3333·
, 33333333 333 33333 439. ’

,3333333 —- 333 33 3333 3. 333333 3333. 333 631331.
bie 333 mit 3. 3333. 333 - 3313333 1, 133. 3333331 333.
333333 3. 33333 333 ·; 3333 33 - 33333 333333333331333.
33333 33. 3. 3333. ber 3313313. 3. · 131. 333 33333.
333 - 3333333 mit 3333 33333. 3333. 3333333 145. 33333 - ’
333333333145. 33333333 3. notit„ 146. (333. 33333333
3133 bie-„ein 143. 33 3333 631331. 33 3333 3333 3. - 3.
143. 333 3333333333. 3. (33333333. 33 3333 3333 147.
-3333 3. .· 333333 f. 33333333. 3. 3333 bie· 33333
3. 33333 333333. ia 33133 3. 333. 333 Θ. u· ΞΒ. lV, 41.
-33 3. Max. 3. Min. 3333 333. 3333333333 33. 41. 3333
333 3313. (bes. 333 - 3. 3333333333 42. 333 33333333,
,33 33333.. 333 3333. 3. 33333 333 3333. Ἰ31333333 33333333
33333333. 3333333 333. · 433. aut - 333. nicht 333 33.

533 33333, 3333. ’3333 3. 333331. 33333333 333333 3333.

 

