42⁶
6111111111(1111111111.)111,11..11111,1111161111111
(111111111ω)111.111.111..
11111- -111111 111 11111· 111 11111111. 811.
ιι. 1111111111. 1111111111.. 111. 111111. 111

111 1115 11111111. - 11, 111. 111· 1111 111 111111
0111111111 111 1111. 11111111 11111111 111,111.- 1111

ι 11111111 1111111 11111 1111111111 1111111 11,11.

ὅ 6111111111. 111111 111 1111111111 1111111111. 111
11111111 111111 111, 11. s·

&coen 1111111111 1111. 111. 1111111111 ιι. 1111
11111 11. 1111 11111111 111111 111 1111111111. -
11111, 1111111 ιι. 311111 111111111 11. 111, 111.

6111111111111. 1111111111 111, 111.

6111111111 111111111111, 1111111111111111111111
11,11. 111111. 1111111111 111. 1111. 11111111.

’ “ 111111 111,181.

’ 11111-11111 1. 1. 1111111111. 11111-1111 111111
1, 111. 111 111111. 1111. 111. 611111 11111 1111 11111
. 11 11111111. 11. 111. 111 1111 1111. 11111 111111 1111 11
«111111 11111111 w. 1111 111111111111-11111111 111·
111 11. 1111. 11 11111 11111111 11 1111111111 - 111 1ιι
1. 6111111 11111111 1111·- 11111161111111111 11151111·
’1111111111 ,11, 11 1111111111111. 111 5111111111 ..
“ 111, 11. 111 11111111 1111111111 ιι. 3111111111
' 1. 011111. 11, 111. - 111111111111111181 (11111111
1111111411. 11.,111111 111.)11111111.1111111 111.
11111111111111111113ιι111.11,11. 1111111111, 61111111
1111111111 1111111118 111111111111111111111,
11111111111111111111 1111111. 111111 111 311
1111. 111111 1111 111 11111111 111. 111. 11111 111111 ,
111. ,1111111 111. 111 111 11111 111111 111. 11111111. 11·
1111.. 114. 111 · 11111 11111111. 111111, 11111111111
11111111111111111111111.1111111. 1. 111111 111. 1111. ’
11111111.. 1111111111. 111111 11 111 - 111111 111. 11,11.

· aiat} 111111 111111· 111 - 11111 111 1. 1111111 11111

 

