211Ι ἢ

66111, 266] 6644644146-46446 6644 664 6414646466 Ν,626
644 (64666 646 - 664 6. neuen 6461444. gut 646646. 646 66.Ι
4. 644 6666644 456. -6646666 646 64646. 4644 466146. 4.
6644. 66444 46 465. 646 641- 64466. 6644 646464 465.
146. 66444461. 664466. 6446666 46644 4644 646 666. 646166. u
64664444 11444166. 416 44 6446 6446144661 64414441 465.

66644 mag. 6416644464 44646. 444664· 646661, 46. 611 6. 1 x·
644 61464444 6144466416 44 (416 tc.) 266. 6646444464 , 6

64441626. 446.6446.64144164664616.
46444411 644 66446 664 11, 416.
64646 - 6464 - 646 4466641646. 16, 666.
6444666644 646 (644661.) 646461. Ν, 266.
6444444666 -·· 66416644 - Ν, 164.
· . 6446446466 6464666446 V, 26. . 64 6466. 66646644
646 6646. 6. 66. 61, 166. 226. 6644 · 246. 256. 265. “
664. 664. 611, 2466. 426. - ’
46444416 111, 166. 6111, 152. .
4646144 - &obn 644 4446644 - 1, 266. 614666 einez*
4146. -, 61664164664116 611, 116. , ·

4644446466, 64444444444664 64444664 111, 166. 164 6. 1
6466644666, 266. 66616. 4646. 644446 611, 665. 652. “

6 244 462-64466644. 11, 424,

644446 444666. 4461614614 64664646· 64 44466,6644644
666 446. 664666. 6464644 6,.1666 611666. 6644 -66664
64164646111,266. ’

464446464666416- 64666664666146. 6666446.

6444616646 -11466, 646 6464. 6644 646 - 6664. 44.
1, 66. 11, 12, jone 646. 6146 64 4444616 6.6146, · 6. 66644646.
,6. 2666116661. 31164111 12. -6264161166 161166. corporo do·
11446 Ν, 466. 66111, 266.-] 666414 6. 66664· m 66466464
4446 4446664464 664 4446 4664 444 6 6444464. 644 6166644
V, 6. 61, 66. 611, 226- 6446616644. 6444464. ,6644 “
64461164 611, 655. 644. 6646444 4446661664 4.66661 64466464
641. 16, 464.

’ 64444666 (64414446444644641 6641446466 64) Vl, 46.

 

