Ν 111·
,1111111144114 1111111111111- 4111111114 41 114411 ,

4411. 4111 11111114. 1411111111 111· 41 1111. 11. 411.

4 11111111 11441111· 11 111111 &unge 1111111411. 111

memphim 11111111 11 la Nature ἰο monuo plu· x
1111111111 111. 11111 111 111114. 111111. 1111111
111-4111 11111111 111 111111 11. Vl, 11. 141 111141.
111111 41111. · 111 11111 1141111111. 1141. 1111111141.
1144111111 1114411111. 214. 111 141 1111111111 11111
1114111 11. 1111111 41 111. 11141111 111·111411141 1111111, ,
1111111111 01111411 611141 41 411 11 111 6111111111 141·
. 411 6111111111 4111111111 1111141 genae 11111. -141 11111
111 111 3111111. 1. 1. 311111 111 11141 1111111111 1.

111 111111 1111111 41111111111111 1. 1111141. 111 ³

. ..- 1. 111141 11111 1. 1111111 41111111111111111 111111.
ι priori 14111 111114. 11. 1111. 111411111111411111111111
1144114111.. 1141 111. 1. 111111111111 111111 1111111.
11111 1111111 1111111, - 111. 111 1111 1111114411 114·

41111 u. 111111111ι 11111641 11111111 111111. au 111 «

1114111. 1111411111. · 4111111111 41114111 11111. 1111111
111 111111. 1. 1111111111 411 4111411 11111 111 6111114
Ι111,ὓ1. 1. 111111 111· 1111111 111-411141 111111.
611141111111111111 111. 4. · 1111111. 1111 1111141141
flu. 1111 3111111111 1114. 114. 141114. 111 -, 11141
41114. 1111111111 111 11411 11111111ιηί 4411111 &adm
111 111 · 111 11114411 111111, 1111 1. 11111441 111 11111114.
1111111 111· 111 141111. 1114141111 4111111 141. 141·
11. 111111111111111111 11141 1141141111111111111111

111111 4111111111. 1. 6111411 118 4. 4111111 111 111111 ι

1111111111. 4111411111 11411· 111111 11111 1. 1111111141. 411
omen 111111 111111 1111111141. 111 - 4111111141 1. 1141
111 6111141411. 11111411111111, 1111141111 6141111111 114·
4111 1141 111 · 4411111151111, 111 Ro· 1 nat. copu-
, latu 111111 «linum 11111 111 fraudium. . (Cium.
11111111. 111 · 11, 11. 11 · 1111111114111111111.1111. ².
114. 11111111111111 1141111111. 111111, 111. - 61111

 

