, 77

8777 787 777 8777777777 77777 7778778887877 7877 777·
mmmmmm,

87787787 87777 (777778. (877777.) 78, m.

87787777 ·- 7777 877777 877 77787. 787 877 · 877 7877877.
7787878. 111, 838. 877 · ιιιι8. 7777787777. 88877777 81, 18.
877 87787 887877 8777777 777777 87788. 787 877 7777777887 .
7887. · 77. 811, 48. 877 · 877 7777. 8877778777 137

87777877ὲὸ1 877 8877. 877 87787777, 778. ιι. 8878777

ne 111 v

787878 8787777778 ιι. 8778777878, 38 [74] 18, ’
248. 8111, 8778.

8887 111, 348. 1
‚ 8877777777 787 77 78777777 877877877777 1, 88. 877787·

87787 877 88787777 777 87787777787787 83. 77777 77777
8777 · 777777 87777 8788777877 884 8. 877777 77778· 8171,

’ 188148. (8888)-87737878777787777 7778878787.
8877777777 877 877877 78778787 (8788777877 Vn, 38.

887777·- 7777 878787 7. 877787. 77· -777878777877 ·

Vll, 87.
· 88777- 887787 87· ·,811 88.
88777, 878777 777· ,878 1384. au 7777. 8777778. 7.
Journal litt. 111, 44.

887777 877 7777 8877877777 87778 87877777 77. 11, 87. ’

8777 7877- 78. 88787877 18, 81. 877 87778787· 77777877
887778 8778777. Vll, 88. 8787778778 877 77778777 88. 7777
7787777877 81, 88.

8877777777 87778787 8787 777787 77 7777 le 7877 7877 778
777777 78 811, 418.

887- 678887 8877 877· 18, 8888 87877777877778
7777 877· 885. 7877778777 8777888778 7. 87778 883. 887.
ιιιιι 877 87877777. 87778 7777777 777787 877777 87 8777777 887.
877 8787777778 787 8778 ..888 (87)· 78777. 87777777 88.
8 878. 877 8777. - 81, 187. ,7777 887787 777 8777 8777777
77777 8877877 7778 87877 7787777 7777 7. 77777777 877877

87 77777778. 77. 777 77777. 8787778878 173 8. 87778. ι. “

 

