1OE
¹ 1151111. 1. 111111. 11. 11 111114111111..

,41 1111 1. 41111114 1111. geg. 11. 91. 1111 1111 44111411 ,
ss 1141141111 84. (141114. 11411146. 19.) 111. 1111111141. ’

44141111 111411. 1114144111. 94. 114111. 4111111114 ἒ
vu. 1111144. 4111141. 1111141414 11111111 4111. 1111411 net·

. 11111, 1111 1114 11111141 1111411 114 111141111114141111. ,
· . 196 1111. 11111. 11111114. 1. 4411111 11 4111111111. ³
V, 488. 1144113. 1111 1111411111414111111 111. 419. ’

61111411 4. 4111411 111,19.114. 4. 41411. 1, 11444. .
186 44. ,111 4. 6111. 1111144. 111111 41 111411 cinget. 1, =

’ 1464. 4141141. 11111 41411411. 11 111 11111414. 11111.

Ι41111111. 446. 4844. 481. 111141 11411491. 1111414 11141
'zum 44111. 4114 41111 41141111 11. 149 4. 4.Ι 4111141141 im
,44111414 4111111 1114 11111111. 4111. 1111414. 4. 4111111.
11111, 411111, 234] 1111111111 11 lecturo, ni 1111.

1 1114114.11111111111111.““.11111111111111111.1111 2

¹ ’44 11411144. 1114 1. 3111. 11141 1, 11. 41 1414 1111114111 1

,1111141111 1. 41 1. 111 4111141149. 1114111114 41141111 111411
,41111 1111411411 4114141181. 1111111111, 1114
111114114141141 111 11114. ,111 411. 1111111141111141
4111411111 11 4. 11111 4141 1411111 11111111111,ι1)1111’

« “ 181. 1141. 11411 1114114 4111111111481.·4. 111141. ’ 1

1111111111, 119. 1111 111 114. 1111414111 1., 1111111·
,414141 411. 11111111. 4114111141 1111111144 11,195.
11 11111114 141114 11 1. 4111114111, 111411 11. 111111
114418. 1111 1111..14111114111111411111114191111114419.

4111 6111. Ι111 11111 61111111 ,1, 181. 41114. 1141.

’ 14114114111. 11141 111, 85. 94161. 111, 111. 1111111 111, -

414. 319. 11414414 16. 19144 11111414 454. -11114111

418. 1111411111 1111144. nou 1111 1, 111. 191. 4111414

maus 191. - 414111. 11111111 1, 491. 1411111, 111111

ᾗ 1114111 11, 41411411 11111111. 41114. 1. 4111111111, 14.
’.114 414. 411114 16. 111. 4111411 1141111. 441111,

“ 9111114194.-411114141114414111111111411 411111111184.
4. 1111.. 4111.. 4141111. 11· -

 

