-Ἰθῧ

’ mmmmwmfflmmmmwm ¹
11 1111111 11111. 11. 111. 111. 11111, 118.
1111111111111111 111, 88. ·
1111111111- 11111111· 11111 11111 111111 1111, ⁴
151. 1111] , '
11111111 - 1111111111· 11. 1111 111 111111. 111111 ’·
111111111111111 11, 288.
11111111 - 1111 111 in 11111 · 1111111111.
Eon - 1111ιοὶ111 d’Eon 111, 348. ’
1111111 1111111 111 11111 111111 11118. 111111.
11111111 -81, =
1111111111,11111111111111 Ν, 118.
1111111111 6111111 11, 4111
1111111 6111111111111 11,1114. 11111 1111111 111
sago Ε. 111, 111. -1111111111111,1111111111111 . 2
11 11111111 111. Epieu'ro [441] 111. 11111111111111,
’ 111 111. 111111. 111 1111111 - 1131111111 11 111, 11. 1
· 11111 111111111111111111111 [12. 11111] -1111111
1111 1111 11η 111111111111111111 1111111111. 11,
286. 11161111111111111111111111 111 11111. 1
111111- 11181. 1111111111.11111111111111111111111111)
111111 61111. 1. -1111111111261, ··· bun 1111 douEpi· .
curion- 11, 117. 1111111111 11111111111111111111 .
1111111. 11. 11111111 418. 1111111111 111 11. 6111. 11
11 11111111 111, lv, 24. 11111111111111 111. 11. 111
111111 (1111111111214. 111111 111111 11111 111111
1111111111 11 11111111111111111441. 11111111111111
1111111111 (11111-1.) 111, 41.
, 111111111111111 111 (1111111111. 1111111. (11111111 ’
u. 11111 111 11111111 1111111111 1, 411. 111111. 111Ι
11111111. 1111111111 111111 11. 111, 118. 1111111 ox
1111111111111.. 1. 1111111111.
11111111111 11 11111111111111111,121.
111111111111111 111 1111111161 111. 11111111 11, 4111. ,
1111111 ,·- 111111111111111111111111111- 11111·

 

