,16 ..'x

44444 141444. 66 ,a 11, 44. -4444, 44. 4444. 4444464444) ι,
4444444464-444 6441444446.4.4144644-·4441. 1181
4444444644 - 6444 11,161.

,,44444444444444444 444.. 444 6444444444. 444. 64. 114, 66. ·
444 44444444 ,6444444414 11644. ’

44444444 4444 6444444444 44644441166644 464444444

“ -52 442461444444444444444 41’1444444444444446444444646.

“ 41444 6444444-41. 444 164444 44444 444444 6446444444·

, 444444 444 44444 6444444444 4446444444 114,124.- anas

4444444644 41444484 64444444 692. 444414444444644 44444
Ι 4144444 4444 6444444444. 41, 644- 444444444444464 46176
4444444444 44464444 4444 6444. 64446444 11, 11. 14444, 26.

, v 4444 44. 4444444 4444 44444 demissa 4444444. 1444161. 41,

444 1444444444 gum 64444444 14, 286. 444 44444. 44444414
444444 41, 44. z. bess(&ptatb=)(⁸3ebt. 428. 46444. uad> 444 ,
41. 626. 44414444 124.

, 44444464, 444444 4444444444, 4444644444 44. 4444444444.

. 444 441444 41, 424. - 64441464 4. 644444464444441. 444-

4414444 44. 44444444. opposita · · 1649. 444444 4444444444)
111, 6. 44414444 64444444 44444441. 44. 6. 444 444446. 14.
46 4444444 44444 44 444 44444 3444444444 4444 444 44444416·-
644444444444444 444 44444 4444 46444 44444444 1 ,6144--Ι 4444444.
644144441161.
4444444444 44 444 44444 444444 114414 111,1.44 242. ,
4144444444 - 4444644 444 ff. (64444444) 116666.
4144444444, 6464644444 44664 444444411218· 4444
144444446444444444 4444444464 41. (6444444446) 41, 621.-
4444444644 44444444 11, 646. 4444. 644444411626. .
44444444 -· 444444 44444444 444 44444444 4444444 11, 286.
. “ 44444444, 4444444444644 44 4444444444, 44444444446444
444 41444444 16441444 11, 11. 6444444444 444444444411. 64·
64444444 44441. 444 444 44 4.4444 6446444444114444 44644, “
64144444 244. 44414 44. 64444441. 444 4444464444444 44444

44416444444111,6448.44444416441444 44441.41,28,4464ἑ.

 

