. m

4444444 44, 44] 4444. 44444 44, m.
44444 - 4444. - 444 44144444 44,· 44. 444 44444 4.

44444444 4444 444 4444444. 4444 444 444444 4, 444. “

44444444 - 444 444 ιι. 44444 44444 4444444444.
44444 44, 144. (4444444444 44444 - 441.

4444444444 - 444 44444 44444. mat 444 4.- 44444·

4444444444 - guttim 444444- 444 44444444. 4. 4444444444.
4, 4. 4444 44 444 44444. 444444 4444444) 444. - ιι. 444, m.
444, 194. 194. 444 44444. 44434444 44444 444 444 43444

· 444. - 1, 94. id, 444 44444444 44 ιιι4ιι 4444 4. 44444. ι4.ι
’ s · 44 444444 ιι. 4444 4444444 4444444 4444444 44) 44444 4444.

4444444444 444ς 444444 44444 444 444 444 · 4444444444.
44) 4. 44444444 444444, 4444444144444 . . 444. 44444 44
4. - 444 444 44444444. 444. 44444444 4444 44444 444 4444.

. 44444 44444 444444 444 mit 4444 4444444444 .. 44444 4444.

4444. t. 444. 4444444 44444444. (444. 4444444) 4444444444
444 ·, 444444 44 44444 444. glebae adscripti· uusscgen,
· 444 4444 44. 4444444 4444444444 44,444. 4444444444.
4444444. 4. 4444 444 44 444444 4. - 444 444 644444 in
'' . 444, 444 4444444 44, 444. 444444 4444- 444, 14. 444444
4. 4444444 44. 49. 4444 - 44. . . 48. 444 444444 4444.
444. - 4444444 44444. ιι. 444444. 44. 4444444 444 - 44
414444444444-,44- 3444444, 444444444- 44 ιι. 444444-
4444 4444444444 444 44444444 444- 444 444444 41.
, 4444444444 44, 44.
1 44444 - 44444 444 - 4444. 4. 44444444 (444 4444 4.
444444) 4, 45. 444 4444444 444444 4. 44444 414 , 122 ,
¹ 444444 - 4444444444 444 4444- 4444444444444,144.
(4. 44444444) 44,14.-4ί4444ι4444444. bethum-Vnam.
44444444 444 44 4444444444444. ae. 4444444. 4. 44, 44 4.
94444 444 4. &ott .. 4. 44444444 444444 4444 4, 444.

4444, 4444 444444 644444 (44444) 444, 44. vum. ἵ

44444444 (4. 4444444444.)
. 4444444444, 444 444444 ιιιιι 44444444. 4444444444, 444
4444444 444 6444. ιι. 44,,44. 4444444444 44444444 44.

 

