010

111. d- ·f.· 1111- 111 11111111 111. 11111. 1111111.
1111111111· .

· 11111111111111117, malmin.
” 111111 01111. 111111111111111. 111, m.
, planto a· 1111 philosophos 11111111 verdum· do
1111111111 11, 11110. Peon-inin planto m.

11111111 Retro 111, 111.-111111. 110. 111117, 21. 10.

“ 11111111 111, 114. 11111111 11111111 111 1111111 181111

1111 11111 151. Lego· 1111. ’111 11111111 - 1111 11111111· ·
111 1. 1111 1111111111 111 1111. 11111.1“11..1111111
11111111 1111. 11 1111111111111111111. «11. 1111111091
111. 11111111 111111. 111 1111111. Ι, 11. (11. 6111. 1611111,
11111.)1111111111111111111111.1111111111.111111111,11.
(1111111111 111 111111. 1111111· 11 11111111111111-11.
6111111. 111 1111 11111 1111111111 1111111111. mama
11111. 81. · 11. (1111111111.) 1111. 11111. 111111 11111·
111111 1. 1. 1111111111 11111 11111111 11. - 111111. 111.
111111 1111111111111 1111111 11 111111111111111111111.
u. 111111. 111111. 11. 111. 11111. 1111111 11 1. ’31111
unns, · 111 11111111 111 1 u. · 1111.. 1111 nuda 11111
111 111 1111111 1111111111 11 -ut «6111 111 11111 111
11111. u. 111111. 111111 111111. 1111111 111 1111111.

- 111111 188. 1ο 11111111111-111111111111116111111 , .

1111111111 111 1111111103. la nge 11111111 111 dou-
111111 P. 110. 111 111111111111111111-111111111111
111 1111111111 1111111111 111101 1111111111 111-1.
11111. 1111111111 11111 1011 ’.111 ,11 11111. 111110.
1111 1111 att. 1111.. 1111111 111 111111 1111111 6111111 11.

11111111.11111111.1.117,101. 1111111111 1111111111 -1 ,

«11111 [1, 111.] 1111111111 1111111111 · 1111111111 118.
111111. nent. 111111 1111· 111, 11. . 111 11111ς 111
1111111111111111111 (111111) 11. - 11 11161111 111
1111111111 (11111111. ·11. 1111. 111111111111111 111
”“·ι1. tugen 1111111111. 1111111111 1. 111, a - 11111 ¹
(111111) vum 111 (aaut) 181-111111111111101ο

 

