, ’ 111
1111111111. 111111. 1111111. 11111111 1. 111111 111111 11111. ·

1111111. 32. 111 11111 11111. 1111111 11111. 11111111 111.
“ 1. 1111111 1121. 1111111 1. 111. 1. 11 1111111 11111.
111, 111 111111 1111111. 111 111. 1111111 111131. 111
111. 1111111111 11111111 1111 1. 1111. 11111111. Sa! 1111
111111 11 11111111 111 1. 1111111111. 1111111111111111

11111 ’1111111111 31. 11111 1111. 1111111111). 111 111 1111111 ,

111111 11111. 111111. (111) 1111111221.

11111 - 11111 1. 1111111111 1111111111 111111
18111111111111111111111, 111. 111-1 1111111.11111.11111
11111111 111. 1111111111 1111111, 111 11 111111. 1111
«- 11111. 111111 1111 -11111 111 1111111111 1111 11111
1. 1111111111 111 6111111111 1411. 111 ’- 111 11111111 11
111111111111 1111111. 111 1. 1111111111) 111 111 18111
ligr. 1111111 -1, 111111 111 11111 111111, 11111111 111
111 111 11111111 111 1111111111 11111. 1111111111 145 f„
. 11111111 111111 111 1111111. 111 11. 111ί- 1111111611·
111 1111111 11, 211. 1111 111 1111111 1111 1111111. Ιῦ11111
1111111111111 7 111111. ΙΙ, 11. 1111 -1111111 11 1111111
111 11111111 111111. 1114111. 11111 11111111 111111 1.
61111. 1. - Vl, 111. - 1111111111 111· 111 1111111111.
111 1111111. 1, 416. 111-’111111 111 111111111111111
1. 1111111111 111 11. 111111 111 11111111 11,291.ι111
61111 11 111 6111111 1111 - 1111111. 6111111111 111
..111 11111. f. 111111. 11111111. 111-114. 111
111 11111. 1. 1111111111, 11111 111 1111111111 1111111111·

· 11111 111 ι 11, 1111111 1111 111 11111111111111111111 ’

1111 111111. 111111111111111, 29:

‘in 111.. 1111 11111111 111111 111111 nonnum 111111.
11 111. 1, 111. 11 1111. 111. 111. 11111. 11 1111
1111111111- 11111. 111. 111111 1. (1111 111. 11, m.
1111111111 111 ja, 1111. 1111111111 1. 1111111111111·
lV, 19. 11 11111·11111 111 quo 1111111111 (1111 loix)
tu03 11111111 11111111111111 loix 11111 sora 11111 glo·

111111 11, m 11111 111111 1111111 1111. 111111. 111 ¹

 

