m.

’ · 311-111111111. 1. 1111111. 111. - 1111111111, 1111
11111. 11. 111, 333.
1111111 111 1111 1. 1111 11111 11111 11111 1. 1111111111
, 111. 111, 3. 1111 1111 1111·1111.1111.11111·11111131.- ,,
131111111111111111, 11111 111111.“11111111ι1 11111. 1., -
1131113111.1111111311111’,76.111111111111111 1111-
( 1111111· 111 11111111 111 111111..1111(11111111 commo
111111 (1’,11113(1111 11113111111111111,1111111111 '
(11111113111,371.1,1111.111111 311111.

11111111 (11111111) vu, 354. 333. 453. . . .

1111111111- ι111 1111111 13111111311111. 1., 11111
11111 1131111111111111. 11111( 1. 111111111311. 113μ 11. 0
61111111 111111. ιι. 1111111 1, 9. ,

1013111111 1. 31111111. 111111. 31111 3111 1. 3111111, ’
11111. 111 11111 111 11111113( 3311111111. 11. 111, 41111.

&ie 11111 111. Der. 3111111. 111111 11 11. 311. 1111
111111 111111 11. 1111. 1113311111111.111111111113113
111. u. 1. 11111131111111111, 111 1111111. 111111. · 111Χ

, 311111. 11111 111111. ιι. 111 11111 111111 1111111 311131.Ι
111 1111111111. 111. 111 - 111111 111. 3111111. 3111111113 ·
1111111 1111 11111 311111. 1. 1. 11111 1111111- 1111111

. 11. 131. 3111111311111.111 1111. rurale, 1111311111·

111 11111 1111111 1111111. 11111 1. 1111111 1111111111 ·
(1111 111 31111 111111.) 414. 11111 >Dec- 111 1111331111( s
111111, (3851383. 1111131111111111. 111 11111111. 111
Qu. 1119111111. 111131331131111 VIM. 1111111111 ’
111111111ὀημιιίε Ν, 153.

111 3111111311 11111111111111111.ῦ11.11111,’
1113111111 111 §admi 11111111113111 11111 11, 131. 111
111111111111131111111. 1111 1111. 111111111111111.
3111311111. Dec. 1111311 1111 11111111. 1111111113111
11111 111111. 1111111111311111 1111111111111111111. 11144.

’ ((111 11111. 111 31111 1111111111 1111111-,1111111111111 <
1111111111 11111 1111111111 1111ιιι111.,-11111111 1111

11 11( 111111 111 111111 11111 11111. 1111. 11131111. 111

 

