19
911111 ’11191111 1111111111· 111111 1111· 111·
11111. 111111111111111. 11, 1111 11111 111111. (1111111. 1,-

. ,, 91111 111 111111.) 11191111, - Q. 1111 1111 3111

1111111 111111,1111111111 1111111111111111111111111111. ,

s 11111111 1111111. 111, 91.- 1111111111 11111111111111 2

11911111 1111111111. 1111111199
’ 1111111111 11111 111 11111111 11111111111111· 1111
1111111111 91111111 1111111 91111111 11111111149911Μ

1 , 9111111111 11119 111111111111111111111 9111111111

,91111111111111 1191119111. 11111 1111111111.1111111“

“ . 111111 111. 9., 1111111111 1111 91111111 1111111111 1111-

murgam 11141. 111 1111111111 11111111 1111 11111 -,, ,
111111 11111911. 1491111111 · 1111111 111111 1111111111·
, 1111111191111111. 1111911111 111, 991. 1111911111911
1111111 1111111119111111111111 ,1,1111..
1111111111-1111311111111111111 1111111111, 1111919
111 111111 11 11111111 111 11111 1111111- 11111 11111

,’ ’111111111,1’11.,. ¹

91111, 11111 91111111 11191111119111,111. 11111111
- 1111111111 11111111111,111 111 9111111111 (111111 1119111·

g 1111111111 1111111111 m 11111 1111 11111111119111111

111111, 11111111. 1111119 9111111111 1. 1111111111 911111 ·
'¹ 11111 91111111, 1111191111111 · 111. 1111 11111111 111 - “
111111 11911111111111, 11111, gan 1111111 11 11 1111 111111

“ 1111111111 9111111111. 1941. 9111111111111111111)...111.
· ’111111111111111 11111111 1111111 111 111111 91111, 191

1111 11 111 (111. 9111111111 11. 111. Q, 91111111 11. 11111

. 11111 (1111111111), 111 11111 1111 111 11111 11111 11111111,
11. 1111 11111 11“1111111111111111111111111991. 1111111111 ⁴

ν υ 11111 1111 11111 111111111111111111 1. ..11111111 1111111
19111111 [1111111111 911119111911111111111 9111111111·
111 -111 Q 1111111 111-1111 11. 9191111111 1111111. 1111-
1111. 9111111 1111111111 111 111 111911. 11. 1111111. ..
1119911111 1111.111111,111 1111911111 11111111

11111 1111111 ’9111111 111 11111111 11111· 111 9111111191·

 

