415 ·

(4144444544444444454444.5444444444.)14555.-54 84444444 “
’· 544 (m.) (5444445444 Vll, 114. ’

41444444 444554 vu, 84. 4444444544 5544444444. 4445 Ι
5444444444· 544· 4111, 854. , >

4444444544654444444444445. (5444445854. vi, 551. 'y

4544514444- 4-444- 44444544 444 4544 44 4545445445 ,

5443454444 415 45444. 54444445 44444. 55454444 lv, 84. 44

4445. 44444 44444444 44. 554544444444444 488. 445 54444 845 ’
44444-454454 544 5448445 4444445444 81485. 4444444 - ’“

4444454441. 454545444444444544444 4444444544 444444 45445444
44445. 44444 84444554 444444 5444. 55444448 445544 14881-
45 444544 544445 4. 844 8844544 444 4544 444444 4. 44. 5144444
445 4. 5444444445 Ι544 45444454444445444444 44. 44444444
4445144444 4444444. 45444444. 44544145 44. 444444 8854 mis
¹ 4444444444ᾱί 444444 444454 444 5. 44444 44. Vn, 885.

444 54544 4444 444444 44454444 44454, 44445. 4454444 4444·1 ’
4445 4444454444 45444544 54414454 8444444544 5844444. zea ,

544444 4. 844544 5544444544 1, 454. 44484444 544 54554 ’
4444444 5. 14 5. 45444444 44454 44444 - 4444444544 444 4.,
4484444544 54444 44. 444. 544 44454444. 3445. 44444 544 ·
4444444454 44544544 4445444444 44. 1415585. 444 -544444,Ι
544 44454 44 444 444 - 444444 8544444444 444 - »on 544

45445445. 8444444 3444. 54. ll, 4844. 4444 544544445445444· , ’

444 414 55444. 4. 4444 - lv, 81. 44554 4444445 54444 4444544444
4544 4444 - 544 4. 54441444 4544 4. 44444 44 445 44444454. 48
444444 4. 4444454 4444444 4444441445444544544148. 4444
454444. - anciliorum 45 nomini· 44 togae 05144444 .;
(45455188. 4445544444 . . 5445444454. 44444544 44454
44544 4445 444455 45 ten 54444444 115. 544· 544 544. 84445-
(ῧ444444) 184. 8454444· 44444444 44444444 44444444 45444 444.

·5.58 44444. 84444444 (4544445444) 548. 55445444 544ῦ544
44-545 8884. 4444 4441. 4445 544 44414. 5454. 444545.
5445. 44. [84441 544 44444- 4444444444 4444444444 544544·
444. 544 44444444 4454544444 544444 44444444 444444 54444·
44 444 545 44444444- 4445444 445. 45444445.- -544 4444,

5444444585444441111. m.- ῃ ,

 

