,78

8888 111, 88. ’
88888888 7- 888 · 8888818 888 88. W, 488
888888- 8888 88888· ·.2c 888 88818888 8. 11, 85.

« 888· 88 11888888 88888 88888888 888888. 8888888 88888 “

888 8881818888 1111, 418. 88888. 81888 1888 18888 8888888.

’ 8888 8, 88888 88 88888888 8888 888. 88888 88 88888 (88818) “

88. 888888 888 888 88888888 81888 888 88888· 8888. 888

..8888 418. 88888881. 888· 888888. 8 881. 888888 88 ·

888888 88, 888 88888818. 888.- 88881888 888. 88888888
11111, 7. 8. 8888888.

8888888888881888881, 87.· 88888. 888888 8188888881 .
· 8888888. 888 88 888 888 888888 888888 88 88888 881. ,
888888 888 888 88888888888.1,888.·8..8818’
888888 888. 8888 888888· 818 8888 8881188188 88888 ·
877. 888 8818 888· 8888888888. 8888 8888 478.- 8881888
ν 8888 8. 88888 888 8. 8888888888 tm 8888 88 488. 888888 ·
881888 88818 88 88 88888888 888- 88 88188888 888 888

“ 8. 88888 8., lv, 41. 888 -888888 88 8888 818 88888888

388888. 888 48. 88888 ,888888 8888. 8888. “
-8888 8. 8888 88 88888. Vll, 118. 888888 88888 818 ·

, 81848 888888 ·' (8888888) 87. 88888. -8 888888 88888 888

888. 88888888. 188. 88888 8. 8881888888 ·8 188. 8881888881
88 ·,888881 881.
. Davus (888888) lV, 187.
’ 888888 8888 111, 4.
8888 8888818888 8881, 711.- 88888. 8888188 111878.
·88888888888 {tugen lv, 178.
8888888888 8. 8888.8888888(881888888888) Vll, 118.
Decorum 881888 grand matter · 81888 to 8888888

(8181888) 111, 88. 88888 888888 · 888888 888. 88 8881888.

“ 888 888888. 88.

8888888888, 888 8188888 88888 8188888, 888888 888 8.Ι .
888881, 818. 888 888 8 818188 8888888. 8888 888 ’
zum 8118888 81 888 8188888888 lv, 81. ’

1181888 888888 18888888 888 8888888811.

 

