111111. · 11111111 1111 111 111111. 1111. 111111. 11,
w. 11111111 11111 1111111111 -111, 111. 1111111111
1 1111. 11111. 11111111. - 111.
’111111111ιί1- 1111111111 1. -3 1111111111 1111111111.
11, 111. .- 1111111111 111. ‚
¹ 11111,1111111111111.1111,141. 11111. 111 1111·
“ 1111111 111111111111111. 1611. 1111. 1141. 1111. 121.
181.1ι1.18111.1.1,11.·
111-1111111...11111-1111111111,111.111 ,
’ 1111111·111ι11.14.. 11111111111111111111·
111111 ιι. 11111111.11115.’-1111111111111111.
1111111 1111111111. 1111111111 11111. 111 8111111 -11
1111111111. 111.·111111111111111111111111.ίιι ’
’1111- 11111111 111111 111111 1111 1111111111.
111 11· 11111 111 1111 111 111111 11111116111111
1. 1111111111111111111.11111111.11111111111111
·1ι111111.11111111111111111-111111 1111
11111-111 1. 1111111 11111. 3111 11111111 11111111

Ϊ 1311111. 111111111111111111111. 1. 11111 111. 11, .
415. 111 111111 · 11111111111111111 1111111111 ’
1111111 1111 111 11111 11111 11 1111111 1111113111 .

1111 111 1111111111 1. 11111 11111111 111, 1811. -1111
11111111. -1 1111111111111, 114. 111111. · 1, 111.
1111611111 11. 111111 1111111 1111 11111. 1111111
11111. 11111. 111111111111 · 11, 111. 1111111111.
111111 11.; 1. 1111111 111, 1111. 1111111111..1ιι 11ιι ·
11111111. 1111111111111 11 11111 1111111111111,11.11.

· 1111111111 (111111.-1)1111,111.

1111111, 111 111111 111111, 1111111111, 11. 111·
ΜΜΜΜΜΜΜΜΜΜΜ·
1. 11111111. 111. 11. 111. 1111111111111· 1111, 141,
1111111 111, 111. 11. 1. 111 11,111.1,1111.11,111.
111111111111,’ 1111. 11,.111 81. [11.111.114.111.111.-

l ’ 111111111111111,111.1111.111.

1111111111111,11. 1111111111111111 11111111 111111

 

