⁵ 8⁰

11111111111111,11111111111111111111111.[1111111]
· 11111111 111. 111111111111111 111. 111111111111111111.
11111111111111 111 1111 11111111 1111111111111111
1111111. 111. ,
1111111111511111111111111111111111111111111141.
1111111111, 111111111111111111111111111111111,111
· -1111111 111. 111111 ,111 111 1111111. 1111111 611111
111 1111111111111 111 111ῦ11111111 Vl, 111. 11111 111111
1111111111111 11111111111111111111. 1. 61111111. 41. ·
11111111111-11111111111111 1111111111· 1111111111.
11. 11111111. 111111.
„ 11111111111111111111111111 1111111111111111111.
1111111111111111111111111,111111111111.
111111111- 11111 11111.11111111111111 11111 1111Ι 11

’ 11111111.111111111,141.

1111111111 1111 1111111111 11111. 1111111111, 171.

Anto 1111- 111111111111 11111111 1111111161.

1111111111 11111111 111 11111111 11111111. 1111111.

11111, ” , 1 ’
1111111111 111111 1111111115.

· 111111- &orn 111111 11111 11. · · 1111111111 11111 111
11111 11, 44. 11111111 111111111111. 11111111. 11111111
111 · 11 11. 111, 111. 1111111111 111 11111111 1111, 1111
1111111 111111 111 111· 11 11. 1111111111111 11.

. 1111. 1111- 1111111111 111. 11111 1111111111111111111.
v 1111.111111111111111111111111.1.1)11’111ι1111111111111.111.

’ 1111111111 111 1111111111 11 11111111 11111 ·
111411. 11 111111 11111111, 111111111111111111, 1113111.
11 111111 111111, 1111111-11. 1111 11, 411. 111 1111 111 Q
111111 11 11111111 1111111111 111- 411. 111 et 11111111·
1111111111111111411. 11111111 11. 1111111111 1111111 · 11. ·
1. 111111 111 11111111 11111 11111111Ι 1111111111 4111. 11111111,
seit, Dtt 111111· 111111111111111111111 1111111111.

“ 111111, 1111111 11111 1111111111 1111111111, 1111111 immet

1111 111 1111111111. 11111- 111 141. 1111111111111111

 

