999999. - 999 99999 9ι9ι9 919 999919. 999. 991199. 91,
29. 9999999 91991 9999919999 - 911, 118. 9919999999
· 999 9. 99199. 9999199. -127,
9191999911- 1919191991 9. -3 9191991999 9999191991,
19,.915 -- 9191991999 299. ,
ἱ 9199, 999 9999999 9999 111,145. 9199. 999 9911·
“ 999999999119999999991.1929.1799. 174 9. 2999. 229.
999, 999. 99999 ξι. V, 97. ·
9199- 919 919.. .-91919 9999999991, 519 919 ,
‘' 9999 999-19991.,94. 999 999 919 999999 991999·
19 999 99119999 99999195-991191 19 999 99999.
9199991919 191199, 999 9999919999. 919 9999999 -99
1999 999999 99. 999. - 99911999 999 919 919999 9999919 ’
’1999- 999 (99191 999 1199. 99119999 999 9. 6999191 tc. 97.
19 19. - 19991 991 9911 919 919 919 999919 99999919
e. 9199999919. 91919 999. 991199 99. 999191. 999 9991199
- 99919999. 99919 919 999 1991999 -9 99. 959. (9991
9919. - 991 9. 9991199 9999 9. 3999 999 etat. 9999 999

'- 1391999. 9. 99999 9. 11999 919 9999919. 9. 99999 99. 11,
455. ,919 199919 - 999999 999 bert 9991 99999991
9199919 9999 999 99 99ιι eatan 99 1999999 1991199 3999

11999 919 9999919999 9. 99999 89999991191999. -999
911999 997. -9 9999999999919,274, 999 991. - 9, 195.
99999 · 9199999 ιε. 919999 9991919 9999 9199 9. 919999
91, 299. 91199. 9199199919 · 91, 991. 9991919919.
999199 ι9.; 9. 999999 911, 1799. 9999999919..19 999 ·
91199119999199999919 99 99919 991999 9999 911,91,99.
9999999999 (191999-1) 9111, 977.

919991, 919 99999 99991, 91991919 9, 91. 991.
ΜΜΜΜΜΜΜΜΜΜΜ.
9. 99999999. geg. 9. 959, 99999 99199919 · 9111, 249..
9199199111, 229. 19. 9. 999 19, 229. 9,·2929. 99999.

1 999999199999292991999,91.[99,Ῑ99,194.195,229.-
, 999999191999191,997.9529. 999,
919999991929. 9. 919199999199999 999119. 1199919

 

