.’ 4161

24411111111411. 14111· 1111 1111411414 81,28.’-8144111.» ¹
414114. 44441. 241441. 1411814 11114,4]118114111811,284.
. 11114411,414.1,114.[111411]

1141444 411141 141414 18, 248. .
Ρ4111, 4441111411 Academico 114411 041411 lV, 1⁶.

11411114 841 1811111414 81144 4. 844114144111441 111,
21444111 841,·1118,118.Ι “

4414114144 81, su

4111141141 241141. 841 111141 11, 8118, 14. 4411411.
· 2111181144 (84111144841111) 11111 . ⁴
44141111 1118441. 844 4118. 1. 444114118111114 811, 124.

1111111 1841814 211111 (441 1114.) 11, 214. 411844 3

1444441111.18,1111. 41814141 1111. ·411414141 81,,21.
21411441 844 4411. 81411. 4141444 11, 2181
1141111141 18, 242.11

41111114,111144114141.114441841418,118.124. .

s Ι11414114141-814 1141141411 Principes 14 4411414144

41 414411. 1414111 44.- 18, 214. 11411. 41111 111.. 814

414114 1111114 14141 441. 44141.81411111.141111414441..
41441811141249. 11841 11111114. 84144118121111411111

14118 11114. 411 - 441 241144 81. 18. 11. 285. 11412411 ⁴
14111 unm, 114141114141814 14444111 11114. 111841141- 1

1111441111. 841841 4 814 4. (6141144211 tc. 8. 11114

13418411111414,1111444111111111.8142141144114 3
1

841 11148114114414141 21114144141141 81, 248. 111.-

441141111 814 42411. 811 1141141.1441111111841411411.

6411418411 844 281414 ananiae 212. ,
1141144111 124188, 21. [28]-11114811111212.

&tamt 111242· [4211 4114411441211841411444

· (14411 ²⁶⁸ ι
4111111.1 m 1241141841 111111 (11111) Imm

1
4111181111-8141141441141111 844 6111. 4111 - 14. 81,

¹ 411. 8142414411. 811-1 -4111 2111.811,’;281>118144121.22.

8111441114 814 2181414. 814111

¹ 4411111441 44444 (4111411111. 441. ,

uui·

 

