94

’1111111 1. 1111. 111111 111 11,-111111111111111111111111 ¹

111- 1111111111111111, 111 11 11111111. 111 11111111.
11 11111111, 1111 1111 11111 111 1. 6111. 111111 1, 51. ,
111 - 111 11111111 (1111. 6111.) 111 111111111111111 '
1111 1111111111111111111111. 118. -111 1111111 1111
111 11111 111111 11 1111111211. 111 ·, 1111 11 111611
11111111 111 11111 111111 111 11111111.. 1111 11111
6111111111 11111111. 11111111. (1111. 111) 1111
111 11111 111111. ¹· 111 111111111111 111 11111 111111 1,
1411. (111111) - 1. 1111 1111111111, 111111111111111
1111111 11111. 11111111. 111111. 1111111111 1111111111.
111, 15. 111111 11111 11 11111. 1111111111 1. 6111111111
1111111 1111111. 1. 1111111111. · 111 111111111111111, ‘
1 115. 111 111-11111 11111111. 111111. 111111111181.
¹ 1111111111 1111111111 11111 111 (1111111111 1111111111.-
lv,1⁰7.lnagination plu· ombragouno quo lo 111111
d’Alox. 111. 11111111. u. 11111111111“- 118.
111111, 1111111 1111111111111111111 111111·
“ 11111111, 111111111.111111111111111111.11111-(1111.)
111 puuctum 1111111 111111111111.1111111111111111.1111. ·
3111111111, 115. 11111 11111111 111. 111111311111111
’1. 1111111. 111111 11111111 1, 411. 11111 ..b-3 1111111
1111 1. 111111111111111111111111 111, 61. 111 - 11111
' 1111 1111111111111111111 111111 11111. 11, 11. -111
eurr„ 11111111 1. 111111. 111111 11111111. 15. 6111.
11111 mmet] 11 111111111111111 1111111141). 1111111111
111 1111111111 - (111. 11) 11111 1111111111 11.-’
11111111111111111111111111111, 11111111 11111111 1111
, 1111111111..11.·11111111111 11111 1111, 1111111111
888. 111111-11111 11111 11111. 61111 secundm ho·
11111111111111111 411. 111 11111111 1111 1111111

111. 1111111111 1111141151. 11111, 1111111111 ,

1111111111. ·11111111111, 1111111111 1111111111 [111
Bam} 111111. - 11, 185. · 1. 3111111111, 11. 1151.

·11111111 11111. 111111 111111.11111111111111111111

 

