.. ψῃ,

194.
9444444444 1444499494. 1, 944. 4444 vacuum 44 9444944

149. 4444944444 44 44444444 414. 444. 9444444444 9. 4944494
1, 989. 411. 944444 44494 9. 44994494.. 961. 4444444444
“ 9444494416. 444444444944 94444 411. 4444449444 9444
44. 449. ,4444494 9444444 4. 4444444 44. 44 9. 94. 199. 44444,
44 444444 94444444 44 44444 4. 44444 4444444444 4444 911·
4444494 94944444 94444444 4414444949 4444 44 94444444 4. alleg

44. 4. 94444444. 4649. 94444444 94444444 414. 44. 4444494444

444 4444 49444.. ,44 444 44 444. 4444444444 444, ’

44. 91444 444 94444444 444 9444444444. 44 9. 9. 194.
1444449 4 9494949444 94444 9444994494. 419 944494444444
min 9444. 444444 4. 9494444 94. 9,114 44444 4444 444.
4494494444 944449. 944. 4 94944. 4444444191. 444444
44444444 44 444 49444444. 9 944114. 44444444444444494,
14444444441949491141.·

9. 9444494441, 1419 164. 4444191 4444444 44 9444444444-
φ44441, 441. 4449 44444 44444 4 444444. 944944. .949444·
444 441. ,9. Ι9494444444 4444444 4444 44444444 4449944449.
ic. ¹111, 11. 4194444494 9. 944444 44444 4. 94444 44. 44114.
94 414494 94444 449 4. 4444. 49444 44146. 14444444. 444 44444 x
144 u. 94 444444 94449 4441441444 . . 9494 man. 414444..
441. 4. [4944144449. 44444 4. 9. 4444444441, 1114144444
4449. 1149. 9, 41. 444. 11, 419 99. 94444444 44 444 4449

’ 944. 44444 9449. 11, ’1. 4499444144411. 4444444411,ρ
944444 9. 444. 14444449. 4163 444. 9. 9444444444 4194, 94444 a
44444 44. 444. 4444 4444444444 411444 9. 944444 4444 9444444
4449. 94449 4449 411. 94444 9. 9444444419, 64. 4444444444,
449444 944111. 4444444444 444 94444444 9444444994·
694. 44444 444 9444444444 444444. . 4116. 444444. 9494444·
419. 44444 ’949444 9444444444 4119. 44444. 94449491 82144
44494444. 4444 4444449444 44. 9444444444 56. 9. 94444444. -
etot, 4. 44444444 444444 94444444 44444. 444 4. 9,
44444444 444 944. 444 44, 44444944. 4114444 444 4944 9444444
44. 6494. 44444444 4444. 164. 944 49449441· 9· 44444,
69441414 1114 1411441414914. vn, 89. 44494494 941944,

 

