, ⁸ 216 . “ st
111-11111 111111111111111111 ’ ἠ

¹ 1111 1. 611111. 111. 111 111. 1111141111-(111111.)
111. &multaciam 11 1111111 111, 11. 1111. 1111111111

, 111111). 1111 1111111111. 1111111111. - 1111111111 111144.
11111 11111 11111111. 111. 1111111. 1. 1111.
«11111111. 1111111111 6111111111. 111.
, 311111111111·11.1111111111 1111111111 1111 Vl, ·
[41. 111111111111111111111-14.1111111 11111111111111
1111111111111, 11. 1111 31111. 1. 1111111111 . . 1111.

' 11111111. 13 111 - 11111. 1111111111 111111 111111. ’11111

’ . 1411. 1111. 1111111111 1111 11111111 1. 1111. 111. -ι 11 ’

11. 1111111111 111. 1. 1111111111 1111111. 111111. lV, 11.

‹- 1. 1111. 1111111111 11. 1111111111 111111. 81. 111 · 11 ’
¹ 111111. 11. 111111. 1111111111. 1111111111 1111111111. -
11 111. 1. 11 1111111111 1111111. 1111. 11. 81. »1.
1111. 111111. 111 111111. 1111111111 1. poet. 1111111. .

.- 11111111 11111. 111. 111111111111111. 1111111. 11111318.
’111111111111111 Principe· 11 1111111111 u. 11111.
111111111111111181. 111. u. 11. 1111111111 11191. 111311
,11111111 111 f· 1111.111; 111111 1111111111 111111. 11111·
111. 11111111,11. 11111111 u. 1111111111 1. 111 11111111.

111 1111111111111 u. ’1111111111 11111 1111111.-
11111. 1111111111.- (1111111111.)11,414. 111 . 111.
11. 1111111111. 1. 1111111111 111 1111111111 411. 111
1111111111 1111111111· 411. &age 1. 11111111

ἶ 1111111111. - 431. 1111111111 - 11111 ..11111111 111.

v 11111111 111 -111‚133d 111 .· 11 11111111. 1111111111·

- . 11111 1111111111 11111111 11111 111.11111111111111
111111 111111 11111 1111111. 1. 1. 1111111 1111111111
. geminum 1111111111 1111111111 11111. 11111111111ι11111
111. 111111111111111111111-11,48. faire mugit (11 ·
Philon. 111111) 1111101111111 du 11111111 11 11
111118. 11111- 11111 1111111111, 1111111111 (1111Ι 1
1111111111. 1111111111ιί1 11111 11111111111111. 11 11111·
111 1111111111 111 1111111111. 1111 1111111111111

 

