6⁰ ‘ ι

811111. 11188. -11181111111 1. 1111811111111119. ,¹
111191111111111111 1ιι 1111111111· 1111111111,18.- ·
· 11181111 111 · 1111111118111111 1111111 111111. 11118.

1111. 8111181111 11 1111111111 18111 1111111111196. ,

1111111111 111. - 11111811111111, 1111111 1111 1. 111111

. 811111 1111111111. 11 11111 111181. - 8111181111 181·

’ 11111111 (m) 111118. 111111111111181111111141.
18111111 811111 11199. ,

8111111 - 81111111 ιἰι (11194.

8111111181. 18111111. 11 11 8111111111, 111811.

. 1111111111, 111111 1. 81111111181111111. 11, 449. 111 -

1111111 fida 1111 18111111. 1111111 111 1111111. 4491.

81111118 8111111111 1, 888.

18111111 118 1111111 111111. 81111(1.18111;)111,118.

1811111111 1811.11111111111111111811. 1111. 111,111.
, 111111 -ιι111811111 111111. - 11, 489. 11111111.
111111111118 111111111111111. 111111. - 11111111.
8111111111111111111,199 1,.117 81111111. 11111
suni 18111811111111 1, 888.

1111111111111 1111111 1111111.83111811118111111,11
, 811111111811111111111 8111. 111111111111, 11.

, cahbala 1. beu 8. “) ··- 6111111111 v1,42.
811111 ιιιι 11111 81111, 1111111. 1111. 1181111111
811111 1111, 111 111111. 1111111111 11111 8111111111 11888.
’ 81111 111111 11111 1111111111111 1111-111111111, 3111
1, 818 1. 311 118 8111118 ιιι ·, 181. 111 811111 .. 11
411111 1. 11 111 111111 11111. 11111111111111 11111 11111111
fen 111181. Quintus 1111111 1111 · 188. 8111111 iiber ·
188-111. 811111 1811181288. 111111118111111 111

· 1811111111. 11111111. 11111111111111111111 1. 8111.

1 8111218. 111111 1111161111 (1111111. 1, 89.) 189.
-111 (8111111111111111. 111. 88 Festina 118 -

-u-u——n-——n-

ι) 11111111 ιιιι. 1111.

 

