. ⁸ ,ΙΙ
1 1
595.

44444444 ι, ιι. (55.) μ

15 541444 14. 515 544444 4415 5444 44441444 4
149.111‚94.1s4. s

45, 41. 4444 444 144 54444 514445 ιι 4414441 14, 554.

“ 5444 44 44544 ιι. 11, 54. 1 ·

- 45 eam. 1 ,194 44..ι4455541544444444 ιι. 41, 444. 444. ’

, 545- 44. 544. 4411 4455 5144544 44 444444 11, 414.

14 ,1544 544 54544444 5444144414. 1454. 54454 41154.

41, 15. 444 51444 ιι. ιιι 544 541. &aul 4. 21. 44414444 1451.

45, 4. 4444 44444 5444 4. 4444 ιι. 544. 14444 5444 41,55.

1. 5. 5ιι 1444. 4. 5444441 544444444414444 1,59. ’

14, 41. 444 544544 544444 444144 411, 55

45, 55. 414 514 51144441 544 54545 4444 ‹a› 544 51444 ⁴·
4414451444 444 44544444 411, 159. m

554.1544445444444451444444544, ι44ι44444441,545.
’4.5. 5441144. 4, 45. 545 4451554444 .ιιιιι5.3444

ι 4444 44444444. 44 444444 14495 . .
4, 45. 5441144 444 545 5144144 4444 ιι. 11, 59. ’

541 44 444441. 415 ιιιιι 44444 1444444545 4444444. 11445.
15, 4. 1144445445.45444551444444444414.11,99.411,51.
15, 4. 544 444 54414 55445444. 54, 1444 44 5451. ιι.

444414 41444. 1, 459. 549. .
1. 5. 544 45ι44. 45, 5. 5414 544 4544145445 4444441
4414 1, 99.

‚ 4. 5. 54444ιιιι. 1415. 3454144 .. 44454 ιιιι 11, 451.

4544 5444. 4. 9. 1,954.
41454414 415. 5441544444 1, 444.
44444415. 1444 id) ιιι, 4414444444111,114.14,155.
4, 1449. 44541, 1444441444. 44444411541111514.
5441 -11,455-455; 4144. 541444444444144 5. 1,155.

(1. 451.) ⁸
15, 45. 44444. 51441 ’. .541ιιιι 5414 44441444 411, 141. ⁸
14, 45. 4444 ι. ιιιιιι 5444 44444544 4, 19.
4414. 5444444 444 514 5414444 54444 411, 144.
55, 45. 444444 ιι. 44541. 11444444 14, 154. 411, 141·

omnm 55414444 4111. xm. ¹ . 39
· Ι

1

 

