444

- 44444 44444. 444446 444· 6444444446, 1. 468 4444464664
444444 4444 44444. 444· 441, 44. 4444 444 4444444444ιί 44444
44. 4444444444 44. 4444444444, 41, 44, ⁴
., 4444444444 ,44444 44444 644 ,8644 ,44 46 464 464,
64444 44 44444 44444.. 66446 44446, 44446444, 4444444444.-
ΒΨ mmmmwQOmm
. 4444444 4444. 4444 44422. 4444444444- ,4444 444444,
ΨΨΨΜΜΜΨΜΨΜΨΨ
’ 444· 444. 14444 44444446444444. 444444 444444 44444444
4444644644·44444444444464646. 4644444444. 4664·
444444, 444 444444. 44444 4444444444, 44 44444444 bot„ ¹
444444. 44 4444464 44444444 11 ,444 4444444 ,844444 44 444Ι
· 4444444444484444444444441444444..444444 4444444
, 444 4444, ,444 4644464644 ,4, 44444646 44444644 4444, 4444 444ιῖ
4444, 4444, r 4444 444 44444 44444444 4444 444 4444 4444444 44.
444 4444 444,- 4444444 44444444 144, 44. 444 444444. 44444 44444
44444444 44444444 464444· (44444 444444 44444· 444
nwwmmmwmmmm

4444.- 46444 flem- m, 4-4444 444 2:5³³sz 414, 242, ¹
“ 4466444 446 64 6-4. 644 4444 sii-jisg1.,quef.. Ν

44. 444 444444. 444· 421, 44, 4444 4 4444444444 444 4444 64.
44444 464444 4444444 444-· -, 444- 44 44444 4444 444 444 u 4
444444. 444 44444. 444444444444444444414 4444444444 ¹
4444444444. .,444444 m..- 44444444 44444 84444 414. 4444

44444444 4484444444. 44. 44444 4444 444 4444444 4446444· 4
‘ 444444 44444· 4444 444464 4444. 444 44444 4444444444 644,

· 444444 41444,8. 44444. ·,44444- 444 4444 44444444. 44444444 1

44444444. 444444 4444444 444444. 44. 4. 244 444444 plu

. ton 4.. ι. nm 144. 44 renat ,444 444 4444444444 '
4844 4444444· 484 444 44444 444- 4444444 444 &infantat ,

444444 444. 44444, .444 4444444441, 448. 4444 44 4444444
4444 414 44444 4444 4444. 444 44444 4444 ib.

asub, 4444444444. 4444 4444. 4444 8444444. 4444446444, ’

1 44444 4444 &ott 444 4444444444· 4444444444 ., 1, 444. auf Ι
. 6444444444 u· 44444444 4444444 4444 444 .' 4. 444 44444 444 ’ ¹

 

