111111 1111 9111111111 1 1. 1111111. 1. v„ 1111111111 111.
1111111111 11 1111 11111111. 115. 111 111 11 1. 111. 1.
11111. 111 11111· 111111. 11, 119. 1111111. 11111. 11111.
11111111. 111 111111 1111111111 11111111. 1. 1111111111
11, 24. 111 11111111111111 1. [1111111

1111111- 111 11111111 11. 1. 1. 1111. 111, 41. 1. 11
1. 311111. ’1. 1111. 11211.111,(111.)111.412.1.111,91. “

1111111111- 1111111111111111 11111111 11, 11. 11 11·
111111111116111111111111111. . ,

11111111-1111111111111111111111111111111111 . 1
1111111 1, 11. 111111111111181. 11111111 1111111111 A
1111 1111. ὅ. 111. 1. 1. 1111111211. 1. 11111 111111
411. 11 1111111211. 1111111111 11 11111 11111. 11111
111218. 3111111111 11111111111111111111 11111111
1111111111111.1-1111111111441111111111

1111111111 11111. 1·1 1111111111111111111111111111. “

111111111111.11121.1·1(1111111,211.111,“.44
1111111111- 1 1111. 11111 11 1111111111111111 1111111 1111
11 4111.1·1ῧ11111.111111111 111. 11111 1111111
111111111111115.111111111111111111111111111.-
11111111.11.11,218

· 11111111 (11111.11111111,11111.)111,112.(111.) 1· 1
111111111111111111111 111.111111111,1 1 111111
111111111111111111111111111111941121]

· 11111111111111.111.1,.161 1111111111.111,112.111 ·

1111.11111.1111.11.181.11111111111111111111111ιῖ
nont 11 ingratitudo 1111111111 11111111 11111111, 19...

11111111-11 1111 11111 (11111 11111111 u. 1111111111.

1111 11111 111111 111111 1. 11111 11 111111 11111 1,11. ,

. (1111111111 1111111111 11111111111111. 111. 1111111,
,111 1111111111 1111111. 11 1111111111. 11111 11158. ἱ
wicht 1111111111 111111, u. 1111, bet mm m Mn·
’Μ’ ω Μ· ”W ¹¹· a„ 1111· 11111. 1111111.
11111111111111111 (bum) 11511,

1111111111 11111 11111. ·

 

