414 “ “ . ι ,
18, 1416111418 44 841.’..1894’484. 111448 11, 81.

18, 81. 148 1111184 814418. 181 181481 ιι. (eamus) 1411.

81. 88114184 181 881841 84114181. ,

7 12. 16. πολλοόκεφαιαίου (41448841844411148.

26, 24. 1181181.. τὰ 7881181 18 γράμμ.. ,11,92.
8111411 14441441141ι6414188114411.1411,411.

1,.11 8411448818 881. 4. 81141411. 111,841.1,.118

829· 191948. 931111. 141 8118 61141811 88. ll, 298

· ” 1,18,6118181.’814184181881814188144841456.
111.1148111111.488111148118..811111411411111418.

14. matu. ⁸7⁰⁵ amq. 88, με 414. ..111446 ,
818. 1814 14181. 1. 8181811448 1418118188. 1,,482.
811. 1818 1. 118484 814181 441 184 a». 44 11414·

144 4. ,44 48444. 8. 44838841. a. 1444144414.

j 11,]1.1181884844.411144114188184181881188114111.
· 16. 8441 4841181. 41 1. 8811844 11181. 4481114111.
1.·’.1181 121. 44418884η 4 κηριίγματος ΙΙ, 199.

ι 1,.444 484.. 81484, 4814444444488484. 4414. ‘

(88.8 41811 1111 (81188184 4.81111 11, 186.) ¹
. 1118. 414114181148, 1411411448 8814111188. 1,88.
881.11,811.181.468 .

1 11 148848888488184144888188488844841881461.
· 99. θεοῦ γεώργιον 19, 42.

, 1144185441684.814148141448411,16.

’ 4181118141114411.381188.11414. ,

911.1884881.64141114.,.,81884448881411 8211..461 .
5, 1. 8141811811 841. 118144 418 441811 1111. 81. 1881 3

. 1,1. 1814 18811 ιι. 844. 4411111484 188141. 111 ,1181

8. 2. El (11 τις δοκεῖ 8194 vat 881 etc. ll, w

’ 416 81181841144111144841184814411181 1. 8411118. 4
18, 11 441111111114184 48481 8. 141811· 481181111111. f

1111.118.1448118418411181414441811144414.
’ 11.81114184411.18814811.1,881

11, Ι21. 925. 491. 911, 112.

.
.

Ι ⁸
Ι 1

“ 1 11. 8114811 4411 6444188 881181 1411. 11, 111. .

 

