’ 111

111111-1111111. 1111111111 111 11111111, 111. · ²
. 7111111111111111111.111111117111111112,
,, 71111-1117111111111111111 1111111111,

’ , 711111111111111111 1111111117111111111111111178.Α
“ 1111111111 11111 111 3111111111 111 7111111 11111111 7111

111111111171111111111.7111111218.17111111171111111.Ι
1111 111 11111111111111111 111. 1111111.
7111 7111111111-71111111111111111.1111 ·

. 1111111 1111112

7111-11111.1111ζ11111.1111.,“111 1111111 11111
[1111117111111111111 1111 1111111. 711111
11111111. 11111211. 7111111111111111111111111111 111
·111, 218.. 1111111111 11111 11111111. 1111111711. 11

1111111111111111111111 11111111. 1,11. 1. 7111111 ,

111117 111111 111111·11111111111.19. 111· 111111 .
11171111 111 111 111111111111111.111.71.1111111

- 1111111171111. 1111111. 1111111111 111 11111111111111 .

11111 11111111111111111 11. 74. 111 111. 1111111111
111- 11 111 1111111111 11111. 11 1111111111 1111111771Ι ¹
711111711111111 1111 1. 11 111111111111111111111 . 111.
11111.. 111111111111 11111111 1. 11111. 111111 11111111.
117. 111 1111111111. 111711. 11111 111· 111111117111
1111. 11. ,1111 111 1111111 11111111 ll, 21. 11111, 11 111
-111711111111111111.71111111117111111111211.17111 A
“ 11111111112911.111111111111111111111111711111111111
7111.111111171111117111112111. 11111111111111 ’
11111. 1111 11 1111111. 111111111111711414.1111·

’ · 1111111111111711111171111111111111111111, ’

1111111. 1111 7111 1111111 111 111, 212. 1111111 111111.

11111111. 111113111111 11111111. 1111717111 212. ,
’ ¹ 1111111111111171111. 11111 111-11111 1111171111
1. 1111111111 1. 1. 11111111 1111111 158. . 11 1111111 ’

suits 111111111111111111111 w, 219. je nnqemeffs ⁸
111711. 111 1111. 711111 1111 7111. 111· 11111 1111 .
. 711111. 111 11. 11111. 71111 1. 1111 1111111111 1111. 1. “

1 1

 

