9199

941919419941949.11111,961. 84444444444414414 ³

9494119444411144194 4 4144499444 ·

1144999-4944-444144449944414444494444944 ff

44944199 994 39444 44 494444 111, 199 .
44494144 4. 4444 111, 299. - 444. 9144941144444 1444·

449 ,444 1944. 911919. 49 44. 1, 99. 4149944 9414 449 9444 5
ι ·‘ 9419194499994414 49. 11, 199. 9949499444444. 1. ι

444944 · 199119. 944114“-’199.· 944114 -914194 199.

9444414494 -·· ’1494 44449449. ι9114449 19 414 9141944.

K ¹ 91144444 94414 944994994144449144944ε Ι, 998. „tinet

441144. 91144494 4.“4141941.·919449ι494444444 194. · 949 94·

4444941494. 1144414449 44191. 4999 444 944 9449449144· .

ι 44449·ιι.14144ι194944914449,4949 449994 9414 944
49 914144 949 44944 94 944 ιι 944444. 93419. 44944·
, 494441. 4441944 914 949449 9441944 949 4444491. 94491.’..

, 444199 4419949414. 94 944 949. 44914144 491. 4444494.

· 9944.- (4 9991419.) 19,991. 349944 994 49 4499 944·

· 1444 4. 444 499444 111, 99. 44. - 949 4144 944 911449. 449
“ 41491419114419444449149 14.’49’41.” 949 ’11444444 944 94941.
· 9449444444 49. ιι 4444 449- 444 444444. 4.·4. 94.
44414414. 449 9449 - 944 9144419494 49. 494 9999944444
9449494499499144144 444 994 99949· 9. 91449414944994444
494449 94444414- ιι.- 14 944 44 44444449. 99. -994
’ 94994444149449,4449444199444449449. 9114499449.
11, 92. 9499491914. V, 199.
, Ι19444419414994444919949414444499444144414144494144

'1 ' ’ 9491144144994449194. (1194449494) 119999.

- 9944494944 414 4. 9, 414. ιο 194494 4444 4419 ÷ ιι.
5:⁴²⁹ 4444149944 11, 149.
.- ’4444414444 41444444. 999494411111. 4. pop. 491411.

’ . 44444 - 944444 44449 . ιι, 44.

*1941144 1. 9144444 11, 999. 449 9441. 949 9444141. -

. 91’19119911911·91419449449 444 44. 111, m.

ff 91449444 -’- 949 4494944414 4. 44991. 9444144. 19 1444444 3
&munem 4444444444- 44494449444444. 3

 

