544 ,

1111111111 ..11111111 11, 11 ,
’ , 1111111111-1111111111111111111-(1111111111)11111.
1111111111 - 11111. 111· 111111 11111111 111111111
“ 11111111111111.11111111111,121 111 1. 1111111 ¹
111111111ἓὲἐς 111111 111 1111111111 1111311111 1. 11111·
11111, .

11111111111. 111111111111 1111111 11, 411.’

“1111111111-’ 111 11111111. 11111 111111 -1 11111 1111
1111 111111 111111. 111 11111111. 1,1. 111111111111 ’
11111 ·1 1111. 111111111111111111 ·11 1. 1111111 1
’ 11111 1111111 11111111111. 1111111 11, 111. 111 · 11111111111
111111111 11111111. 111, 241. 111 111111 1111 111 1111
·111.111111111111 11, 41. 11111111 11111. 111111 1.
11111111-1111141. 11111111. - (11111111) 1111. 1111· ¹
111111111111-1111 111111. 1. 1111. 1111111. 1. 111 3
1111 111111. 1111 1111 11111 1111111111 211. Q. 111.
[1111 1111111111 11111111· 11 131. · 111 61111111.
1 1111111 4111.111111.11111111111 · 1111111111, 41.
. 311111111111111111,19.111.1111111 1111111111

111111111111,11.Ι ³

111111111111111,11- 111111111111111111111111.

1111111111 1111111111116111111 11111111 111
111-1111111111 1111111111 11. 11111-1111111. 1111
1111 111111111111111111111111. 111. ·11111111111.1111ς
-1111111- 111, 111. 14111. 111 1111311111 111 -111111
11111111 111113111111111 11. 141. ’

9111111111. 111 111111.1,111.·111111.1 6111.

= 11,11.6111111111111111111111111111111

’ 1111111111111.111111111111111111 11111111
. 111111 1. 11111611. 111, 11.

1111111111- -·111 111111111111111111 111111. 1111.
1111111. 1111111111111111111111111 91. 1111 1111.

· · 11111 1111111·11111111111111.1111 111 1111111
· 1111.1Θ1111111·11.311.121. 11111111111111111

· 11111116111111111 ’111111111111111111-111111
31111111

 

