5³7

11111111111,18. 111 1111111111 1. 111111. 3111 1111 .

6119111111 111 1111911111. 111119. 11,18. 11111 81111111

, 111..111 811111. 1. 8111111 111111-1141. 1111. 811111

< 1111111 1111 111 11111111 - 1111111. (1. 11111) 11.
91111111111111 (111 sajet-‚¹ il 1111111111 111.
11111111 ou 111 tromper 158. vle 1111111111 11111111
nujus, 1111 11111111 111111 111111111111111111..
151. lain d’oncomgor 111 mictu 111. 154. f. 11111141.
ῦ11111,148.
1111111111-111111111111-1111.1111111111
1111111111,11111111181111111,11111111113111
1111111111 111 1111.- vl, 18. .
111111111.8119111111191111111,118.118. (191. m.)
111111114. ,
11111111111111111111 8111111111.
Ι 8111118111 1111191111 1.,6111111 111111 111111
611111 111111 111.8111191111 8111111111. 1 811111
1111 111 111191 1111111111 81111111 811, 188.
’ ’ 8111111111- 1111111111 111- 11111 111 1111. 111
11111.11.111118)11111.111111 lv, 818. 111 1111111111
111111. .. 111 111 8111111111 1111111111111111111. 111
, -11111.11111181111111111111 111, 18. 11 111 111111 11111.
11111111. 1811111811 111 11111191 11111 81111111. . . 1111·
911111 1. 111111. 111111111111111111111111 111881. ’
8111111111111- 1111 1111 1118111111111 -111111
111111. 11111 1111 11111111. 81119111911111111..11111.Ι
8111111111 91 11911 11. 111, 888.
1111111111 1. 8111118918111 111, 88. “’
· 81111111111111111111. 1811111111 11, 181.
„ 8111111118 - 111 911111111 811111 111· 1111 81111111.
11111111111111111111111111111111 11 11111111 111 181111
1, 18. 1111111111. 91111 (111. 18.) 1111 - 1111111111111
111111. 111 1. 11191111 1181111 1111111119 111. 81111.

11 114. 11111 - 11111111 111. 1111. 1111 1111. 111 1111111 x

811. 1111111 1. - 1111 111 1111111111 111 11111 1111

 

