111 ’

8111811118. 8118.) 111, 888. 8888881 81111111.
ω110111801841880.8111.) 8118181188111 111, 18.

811111-81111188118118111111111118-1111. 11 ³

1111111 181. 81811111. 18111111 81 11111 111181. 111821
8811111811 11181111 8111. 1111811118 8111 1181811-188.

, 88811111.811181.81118111 -1ιι 8. 8. 8118. 81118 818
111 111, 281. 8181118111 11118111111111181181111111111 ,
811 81111118 1. 81111111, 18.

. 81181-8118118111118118118111188,1111111118 ¹

1181811882.8118188.118181111181811181.1111811111
111, 822. 1. 8111111,

x 8111111181111, 888-81111111111818.

8118181181811111 11 8 18111111 118. 8111 81181111
1051. 58, ΙΙΙ, 108.

8111111 1111811881181. 118111181181111111 ,

11111111812.118181188118118118.11118111-11111 ¹
11. 11111 81111 u. 1181181111118 1, 288. 11 11111118

· 111 11111811- 818 811 1111111 111111 1181111111 11, 18.

8188111. 111 111. - 458. 1111111181111181111111111 811
’ 8111181111 1818111111 181181111111811811111111 (111
811111.)111,188. 181118- 1188118 81111118 1111118
111· 811 1111. 8111111 111811181111111111. 8811111
Vidn 1882. 1181111111.- 11111118111 ’11111811 81111111
11188. 811118 1111111181111111,1111811 1111811181

-18111811881811.111,828.11111811-1111118111111
(ubam.) 811218-11111811818 811 111. 8181118111
lV, 188. 11118111811111111111811111118111111, 88

1111111111, 1111 1111111111 ιιι, 11. (1111111.
8111111 88.) 8118111111 8111 1111111 8111111111 18111,
&malim 111 1111118111 11, 2111. 811. ΙΙΙ, 24111. .
1811 111 18111 81811 111 881111 1118111111 11. 248.

’ 8181881111 81881111.. (8111. 811 811111 1111

 

