, , ' 119
ιι ιιι 999. 399. 99. aba. 999. ιι ι. 9. ι. sam. ιιι. “

, 99999Μ- -mmmmmmu,‘

418. (425. 9 ,258.-) -1868989 1111819199 8989. 895. -
tec. 4299. 89918 8999999 91118· 8 89999119. 9989199Ι
8191911991. ιι. 895- 98. 899 99919 81999 ιι. 891. 99

999999. 9891999 [ιιιιιιῐιι 481- -9199891191991 (9918911. s ¹

11999.) 91. 999 1119911199 ber 81911199 19, 5. 89. (219.
88 9.) 99999 1199991919 52. (991. 919199. 899. 489.)

”m 511911 ⁵⁷· ⁶3· ⁰¹⁶ ⁶5¹¹ 191999 8119119188.,91999 w ¹

1199199911 9989918991· ib· 91119991999191919998999 ’ y
89. e. 8919199119 9. ,9199881999198 11991. 999 9919. ι

18189918, 99. 919911989991 quelques 191999 9995119911
155. 99911 98 9. 8911 999 899999 991 999 99999.8.; ¹

. 9911 aud> 9. 99999 9911199999 94 9111, 198. 11. 9919919199

198.-- 91999. 8191191999 99919991 art ιι. 1999918919.Ι ι

1888. 9 ,988949 81- (89991 99191 999 19 hm 81 [88]
81.) 9199. 9998911199. 1199999911 919 9919919. 819919,
, 8849. 9, 81. 8991. 9919191 999 999998 89119999. 82.-

uest. 919. 998999999199981.. 1. 89. 8919111884. [912] ·
18. 29. 699. [899. 99.] 9811191111. 991229. &tumne

991 9. 8599119 [188] 89918 81191. 9919991 19 , 1819. f

299. 8991 (8919918 919999 299.) 9111, 2849. 989.
Μ9Μ889998Μ9,
munt· 9189288. 91, 88. 99. 128. 198. 229. 888.
911, 149. (91191 ι. 899919. 998 9999919. 118 9899991. ιι.
nod) 91191191 9, 82.) - 91999999911191119 9991999991, ο
891919 1884. 9,118. [128188] 891991 9919119 998 etue
91. ιιι 89919. mit 981199 (991. 9. 81199 9999. 99199
⁴ 11. 991.191888 189. 62419.) 1591.119999ι11[199.]
‚ = 1159 118129. [128.-9]911ι91199999991ι9(8999991999
9119ιι9999911884.[81.]118.[188.]185.-9999889191
1999 [89] 98 99. [194] (811991 aum 99. 8991.. 9. 819199
metuet 819991 &esu 891919 1885. [84 911128] 182. .
9184142148.)1589-9998991.(99189189811191

991 Ι11999199 999, 999991. 999999 ιι. 1885144. [1459 9

 

