‚ 889
11111. 11, 11. 1111111111 11114111. 11111. 1111.
1111111111 1111 111111. 1. 11111111. 81181 (1111.) 448. 1111. ι,

8118.81118111181111111181118118118111811111 a
,1111111111181 111811181111111. 11111111111111. 111
8.11111118111118118111111.81811111.8111111111111811

’ 8111. 118111 888. -111118118, 811 18111. 18, 14.

11111-1111 111. ιι 1111. ιι 11111 111111
· 1181181881111118111 611111 18111811 81, 811. .

81111111.-1ιι·11 1111 1111818111. 1111 11111811 ,
111111. 111 1118111, 811. 1111 11111ιί11111- 18, 244 248288. ·
111 111111- 81,.8 8118818111 11ι.1811111111111.-1ι.
81111111811111 1.111111111.18181111.ι 1111118111 '
1111118111. 111111 811 81111, 11111118-111. 81111

6181111111 818 1111 111188-8111811111111111118111811 ³

11111111. 81181. 1. 8111181. 811, 1281. 8181181 81111 11111
8118111811 1111811 11 81111811111111111118 8111. 11111111 ,
11 1 429
, 1111111188, 214. 11181111111111111111111. ,
1118111 8111181 ιι 111,8111.1111ι.1811818111118.

8111111 ιι. 81811 811111111181181111- 18111 1111118.
11118111 1111841. 111. 111111. 811 11811 11111 811.. 811
118. ffiibl. 11. Nm. (8111111. ot occup. et 111 litt.⁴
11111.Ι pig. 1121. (18.) 118118 111111. 11111. 11111811. 81111.
111 811111. 811 8111111111 1811881181. 112; 1111111118 111 .
811 81111- 11111 241. 81111111 ι 819. [811 ιι. -1.,
811 8181. 111118. 8, 141. 811111818181111 ’1111111811

1111111111 1111111111,111..411 11, 111. 1111.

2112. 818. 811. 11. 111111 111111. 8, 2841 81111118 118. 811

18118118.. 1111181 8111 81111181111181811 gem. 11118111
1111. 111111111181111111.11111111111111. .
1811181. 11111 811111 8118 1111111111. 1. 8. 81111111 11111.

1181. 1311111288-88. 828. 81, 281. 811, 144. 81. ι.
qaam. 1111111111 111, 1111111111111.) 1, 14.-
- 11111111. 811111111ιί11 11, 488. 81111181, 11111181 1111..
18 , 188. 811 · 11811111 118 811 88111. ,11111 1111111.

8111111111 &mmm 8111881. 24

 

