' ιιι·

111111 11111111 1111 1111. 11111. 111. 11111111111111
“ 111 11111. 99. 61111111111111 11111111111111 11111.
,111111911111111111111 125. 8111111111

1111191.ιιόιι111111111111111111111941111111 ‘

idolatra prodigae 1111 mausoleo· 195. 9119111111 ’111
1111111111. 11111 19111. 1111171 1111Ρ111111ι1111
ιιιοιιιιιιι (1111111481. 1. accillum.

1111191111.-1111111111111111111,117. 91111111
1111111 111 11111- -,11 1119. 49. 1111. 11119111111111.
1. 1111 11111 1111111111 1111111111. 11111111111111111..Ι
911111111111,191.

,111111 11111111111111, 75. 111111 417. -111111111
ιι. 91. 11111111. - 1. 1111, 911111 111, 1111111. (ber.
1. bom.) 111, 21. ·· 11111 ι. 1111111 1111 1ιιι 11111 bet
11111111 11 111111 &ott 111 1111. 11111 711. - 1111111
161111111111111,191. 11111111. 11111111 1. 1111911 11111

. 111 9111119111 1111111. 11111, 111111 1111 ιιι 1111.. 1111

ιι tang 1111 9. 91111 11, 414. 1111111111111111111194..
1111111111111111111.11111111· 1111111 1111111111 1111.
891911.Βισιλ.1ῶρον11,ξ41. ' Ι
1111111111 9911111. ιι. 1111111111 bet 911111111171·
11111111111111ιιι111111111,249 - 119. ·
11111111. 11111111 9111111111 1111111111. 1111 1111
³ 1111111. 1111111111. 11,11. 1111111111 ιι. 111111Ι
11111111111111.1111171· ζ '¹
. 1111111111 9111111111.
. 11111111 1111 1. 9911111 ι 11 11111 1111111. ιι.
1. 11111. ιι. 11111111, 119.
111111111111111,11111 19. 9111111191. 11 111111
9111111111 1111111 (11111171.
Jargon 111111 91111111. 111111111111111111
1111. 11111119

1111- 11111·1111111191111111111111111111111 ἰ ,

1111111 1111111111 · 11 1111 111 11111 111. 11 1111111 ιι.
1, 111. 9111111111 bet 9111111 911111191111111911

 

