· ‘22⁰ ι
1111111111111111111111 11111 1111111. ¹ ‘

11- 111111 1111111111) 1111. (17811113. 111. 171.

, 184. 1111111, 1111111111111111111111111. 1. 111184.

’111 - 1111111111. 11 1111111111111111 1, 4111. 1
ffimwm

811111111111111111. 1111111111, 1116. 1111111111. 111111 ‘ ¹
’ 1 1111111111.1111111111111111111111.11111111111311,

· ,1111111111111111 111 111. 111111 111, 371 411311. 11.
1. 11111111. (1111. 11111111. 1111111181. 111. 4171.

z , = 11111118111111111111.“116θ. 111111111111111111111).

17611. 3711119. 11111174. 111111111111111111.1111. 11111
111 1. 11111111. 111. 9111111111- 111, 1114. (111. 1111.
1111111111111111111111 111111. (11111 11111 Auti-
1111111111 111. gu 11111111111411. 111111 111111 1111111
411. 11111111 1. 111111 111111111111111 1111181111

“ ’111 11111. in 1111118111. 111111 11111111 111. 111111. (111.

“ 11. 1111184. 111111111111111111111. ze. 1111111111
’ 1. 1111111111. 111111. 68. (111111111111111111111141.
gon, 1111. 178. 11111111.) ·- 1111111111.. 111,4⁰4.
1111 1111111111 417. 111111111- 111, 118.
111111 111. .. 111. u. 111111. (1111111 111111, 11121.
11111111 ·- 1111111111111111111 11 1. 111111. -1111
1111111111 1111111. 13111. 1111111111 11111 11, 111 111
1111111.Ι 111111 mag mit 11111. 1. 111111 111111111111111
J 1111111111. &cbmdtmet 1111111111 ib. 11111. 111111..
11111 &t 111. 111111 1111111. 1111 1, 111. 1111111111 111

. - 1111111111 almus 111 1111.

,1111111111 alaerit. ingenii 111 1. 31111111. 111.. qe·
111111 11111 111 1. 1111. 11. 11, 414. 111-11111111111111111
1111111111111111,187. ,

, ’ 11111111, 11111111, 411.- 111111111111111,119.

- 111ῗξ112ξὲ1111 1111111111 111-11111.1.1111111111111
υπωὲιίςέι, 11111 111 ., gt. 1111111111 u. 6111111111

’ c Vll,266.

 

