-fflw
1111111111111111·11’,11.1’11,11. 111111111111-(111111)

¹ 1111. 111 1111111111. 111 611111 111. 1111 1113111111

1111111111- 11111 1111111 11111, 111 11161111 111111
(1111111 1111111111 11. 11111 1111111 111 11111111 1111111111
111 - 111, 611111. 111111· 11111111 1111111111. 11111111

, 11111111. 1. 111111 - 1. 11111 111111. 1111111111. 111. 1111·

11111111. 111 - 1. 1111111 114. -11111111111111111111111,
(111 111111), Ι1111 1111 111 1111111 111 111.. 1111111111

, 1111. 1111111111 111. 1111111111111-111111. 1111111

11111 11. 111111. . . 1111 14111111111111 1111. 111111
1111111. 1111111111 1111111111. 1111. 1111111111, 11111111
1111111111 1111111111- 1111111111111. (111δ11111.)
11111111 1111 111. 111111111- m. 111111111111111·
·. 1111111111 111111 11111 61111111 111 - 1111111111 11.
1111111. 111111111 11111111 11111111. ο, 1111 1111.
’ 1111. 1111111111111 11 1111111111. 111 111-1111111111
1111111111111111. 11 1. 1111111111. 111 · 1. 11111·
11111,,’11111111111111 [121] 11 11 1. 11111 1111111111
1111111- 1111 11. [1411 111 111 31111. 1. 1111111111. 111
1111111 111. (111111111111. 1111. 111 111111. 11111111 -

· ι 111 11111111 111111, 1111111 1.1111111111111.1111111

1111111 11 111 111. 1111111111 111 111111. 1111 weit 1111· 1

111111. 11. 111, 1. 1111111111111.. 11111111111111 1. 111
1111. · 111 111111 111 &tene 11111 1111111. 11111111. . 1111
r 1111111111111111111. 1111 111111. 01111111 111 111111.
- 1111111111 1111111 11111 111111 111 1. 31111. 1. 11111111.

81 111111111111111111111. 11 1. 11111 111111 111 · .

1111111 1111 11. 111 11111111 1. 111 111111 11111 11111111·

, 111 (1111111. 111· 1111111111 11. 11111 11111111 111111-
, 111 111 - 1. 1111111 111311121111111111.(11111.)11
1111 11 11111111111111-ν 1111 11111 11111111· 1. 11111111
1111 Eun 11111111, 1111ῦ111111111111111111111111111111.
1111111. 11111. 1111111111 1111111111 111. 1111111111. 1.
111111. 11111 1111111. 17. 11, 11, 11 111 1111 1111111 1111

111111 . . 11111111 6111 1111111111 11. 11. 111 11111111

 

