’111

. , 1111111111 1111 1111111 111611111111111 111111 1111.

11111111111111. (v. 11111. 61111111111181 111111. 111
, 111111 1. 8111111111 1111111111. 1111, 1111111111111111.

·- 8111111111 11141111. 8111111111 (11111111) 11411.
111111. 11111111 11111 -111111 11. 411. 411. 11111111. 111

ι &edu 11111111 auf 111 111 8111111111 1111 111111 1111
1111 11 1111111111. 11. 18. 1111. 1111111. 11111 1. 811111·
111111111111111 6111111. 111 1811111111 11111111 11,
424. 1111161111 111 1111111111111111421. 61111. .
1111111111- 411. 611111 111ῦ11111. 1. 111111. 8111111
ze. 411 11111111. 1111111111 6111111. 4184411111. ’
1111111111111111111111111111111, 181. (1. 1111111. 11,

141111)- 81111111111111 111111. 111Θ111111111111111 111·
1111 1111111111111; 11111111 1111111111, 611. 11111111
1. 1111111111 8111111111 1111111111 111111. 11111111. 1, 151.
&dauwe 11111. 1111111111111 11111 111111 11. - gar
1111188111. 1111111. 611111111πὲ1, 111 1111111 1111111· »
1111111111. 11. - 111, 1111. 111111. 6111111111 1111,
Nl, 68. 111 11111111111111111, 111 11111111 -11 112. ,111

· 11111111. ist 1111 -11 111111111131. 11151111111111

1111111111 [1111311111. 111 magist. 010qu. ι
11. 11111611111111111,411. 1. 1111111111 1111111. 111
1111111111. 811111 111 6111111111 11, 1111 1111111111 -
6111111111 1141. - 116.. 1111111111 lv, 111111. Ι
1111111111 111 1. 11. 1111. 1. 11111. 11 111. 11111. (1·
1111111) 11, Μ. 111 11111111. 1111111. 1111111111111,

“ mue 1. 111111111111111111111. aur 111. e. 11111
11111 11111111 1. 1111111111, 1111111111111411. 1. {Rea 1¹
11111 1111111. 8111111111 111 [mmai 111, 323. 61111111
1. 11111111811111111111111. 1111111111 111111 11111911
1. 11, 111. 141. 1111 1111111. 1111111 8111111.1111.61)11111.’

IV, 111. 111. 1111111111111111 6111111111. 811111 111111
1. 111111. §0011 1. 1. 1111811111. 111 mali· 11111111. “
v‚171.- 111.611111111111 lv, 188. 1111 11111 1111611111

11111111 111111 1. 11111111 Vll, 118. 6111111111 11411. , .

 

