, l

144
. 11111111111111111 11111111. 11111 111. 111 111

’ 111111 11111111 111111111111111111 111 181111.

11111111111111111111611.11111118 ι1ιι 1111111111 1

. 11111111161111181. -11111111111-111111111

hybrida 191 (192.) ’

s 1111111111-11111111111111.1111111111111111111· Χ ¹
, 111111 1111111111111111 1111111, 1111. 111 11, 1114.

1111 111111111111..1111ἰ.111 1111 1111. 1111111111.
111111111111111.1111111111111,811.- 1111111111 “

’ ¹. 11111111,1111111111111111111[11111111]

,211111111-111 1111. 1111111111 1111111111 11. 1111 χ
111111 111 11111111. 11 111 11111111. - 111411. 1111111·
4111111- 4111. ’

1111111111 (111 1111.) Vlla&

1111111111 61111111 111, 128.

11111111- -1111 11111111 111 11 1111111111. 11 11
1111111111-111111111,91 ·

1111111111 11, 111. (1119.) 11111111111111111.611.
111 11111111 1ιι 11111111 111. 111 11111111 611. 111 111111. ‚

’ 111111-1111111. 111 -111 11111 1111111111. 1111. 1111

111. 11. 119. 111 111111. 1111111611. 11 · 11111 11111111
111111 111 1. 1111111. 11111 11111. 111111. 111111.
111 11 111111111111111.111-1ιι 111 11111111. 111

= 11111. 1111. 1111111411. 111.111,’161. 111 1111111111
·. 111- 1. 11111111111111111111.

8111111111. (1611. 1111.) 111, 11. [m]

111111111111111111.111111111ι1111,11.· .
· 1111 111 111111111111, 121.- 1111111111. 111
111118. 11111111111111·111111ι11111,111111111
111 111111 11111111. 1, 118.

1111111-111-111 111 1.1111111’·111111111.111,84.

11111111 1111111111 V, 13. 111-111 1. 11111111
s 1111111111 11 11111 11111. 111111. 1. 1, 111. 11111
11111. 1111 111111. 1111. 122. 11111111 1116111 .

2 111111 111111 111111 1111111111·111111111 111· · .

 

