141

11111111 111, 191. 111 -111 1111111611111111111 11111. ’

11, 41. - 111·111111111’11 11111111.1111111“,16. 111111, ¹,
6111111111 1111 111 11 1. - 11111 111111. 11 11111·111,161.
. 111 (1111. 11, 119. 111, 19. ι- 111 1111. 911. 13. 11111111,
1111 1, 14.16.111. -111 1111. 11111114. 111111111111.

1111111111 31. 111111 -11,191. -111111111 1. 1. 1111 s
1911111 1111111 11111 111111111111 11 1111111111 1. ,

6111111111 Vll, 341.
1111 1111111 1. 61111111 111111, 1111 1111111111. ·
111. 1111, 181. 1. 911111 111 1111111111, 191. 1111. 111

111111111111111. -, 111 1111111. lv, 196. 1111111111 111 ·

11111111- tc. 111, 41. 111 111111. 111111 111 - 11 111111 11

11111111111111111111111111194. , ·
, 1111111111 11. - 1. 1111 1, 419. &cbelham 1. &cele .
11· 111-81. 1111111 tc. 11111111111-1111, 111111 11111.
1111111 11 1111111. 11111111 81. 111111 - 1111111111.
11111 1. 11111111. 11111 111111. 119 1111111111 111 1111Ι
51111111 1111 1. 1111. 111111. 11111111 111. ·, 111111
111111. 1111111111 111. 11111111-91111111. 1111. 129. 1111111
111. -111 1111111111 1111. 11111 - 1111111111 11111111
11111 11 111 (1111111111114111. 111 - 11111 111 (11.
11111. 111111 11, 189. 1111 111111111111-11111111

111 1111111111. 11, 11. 1111111111. 1111111111 - 1. 11111. ·

1111111111 111 11111111 11111 1111111111. 11. 111,116.’
11111111. spir. 111 1. 11111 111 11111111..111. im a
1111 1111111111. 111 611111. 11, 61. 111111 111 111 1. ·
· 11 111 111111. 449.

111111111-1111111111111. 1111111111 1,101. (1111111
1111111 lv, 111. 111111.. 11, 189. 499. 1111111 1. 1.

31111. 111 1111111111 1111111Ὶ98. 1111111 111 31111111 ‚

11111111 1111111- 189. 1111111. 11111Ι (111111 111. 111. .
4116. 1111111 1111111 111 Noli mo 11111111111111. 111· ·
1111 6111111. 1. 1111111111111111111111111) 491. 1. 1111·
1111 111 11111 11111111 111. 1. 11111114911911111111111.
111 1111111111 111. - 4411111 111. ι 1111111111441. 111

 

