,999 ς

1999999·- 919 999 9999991. 999919. 199999 9. 9999· ‚

99999991.(199.91,11.

119999999999999. 9991999999. 9. 9. 19999991999919.
’999 999-99. 999. 111, 999· 999. ,
” 199999 91999 9999 999 9999999. 99919. 99 999999 111, 11.
999 19999999 99 9999. 9. 9919999999 99999999 9 9999. 1999. ,
999)99999.99119199 1999999.1999999911,115 999.
. 99999999 99199 9999991999 199 6999999999 999 9191991999
99. 1999999999 11, 158. 9

69999999999999,191.115 181. 11999 99 919919·
9999. 999119999911,151.155.9999999159999199919
9999 9919999919 111.

199999199999999. 99999.1,81.19999999999.-
999 99 99999 999 81. 1. 99999 999 9999999699 9. 9.- -81,
9999919 99999 99 919 99. 999 99999199 999 9.- 9999999999 99

ι 1. 81 (1999 991999 9. 9999, 19999 - aum 3999999 9. 999999·

9999 999 99 99 999, 9. - 99 99 999 399. 9 99 ·
19999 9. 99 999. 99. 99999 81. (915999 18.) 9999 9.
1919 999 999 - 999 19999, 9991999 u. 99199 99 99999.

99999911. 19999.1999999999-99999999991199991915 , s

vlu, 111. ·999 99199999 99991999 9199 99999999 999 99
999999 11951, .99919999999999119999999999919. viva
vox 999 1999999, · 999999 9999 vox humana 9199 >Dr 9999999999
111,11..999 19 (9 199999) 11,115 9. 1999999919,
119.81.11.-119999919999·9911,111.1111999-9.
9999999111, 111. ·

6999999999 99999 999 999. 199999. 1, 99.) 1999. 999 ·
191999 999 919119 999· 99 9999999 111. ’1999999 999999 '
19999919. 999 999919 99. vl, 11 9999999991919199991
9999 1919999199 6199999 9. 919 99999999 999 (1999911.
9999999999- 11, 111.

&tim- 3919199999999-9.9119999(1999999991,9 ,

111-111. 9999 9999 9991999999 9999 999 &uin 999
999 - 11,11. 9911999999 999 9999. 413195. 1199999991

99999 99999999 Ι- vll, 19. - u. 99999 999 9999, ⁰¹⁸, ⁸.

 

