ι
m Ι
ι

6881881111. 1111111111, 118111111188, 888
6118111181,81118111811, 1111118118111818, 188.
(11111111 5111111111 811, 88. ·
’ 81118118111118111111111118111111181.
Ι 8111111181, m·
8111111118111, 188. ··
811111-111111 (111811118111111111111, 1111111·
1111111-111 8. 811111111148111111111 11118111 8111
1111. 611111 11181111. 11. 1111811111-11111181811
818. 1111111184. 818. ”
· 81111181118111.)11,11.11181111111111
· 111 1111111111. 218. 111 3111111111 8111188111 (8811111
mmmmm 111111 111 1118] 1111111111
1 1111118181111111111·811(.81111111,18.848. 111
11111 ,1111111111111-11 11111 1118. 8111111111. 11111111
11 111111111481. 8111111111- 81111118. (111111
’ ’111181811111111111111111.Ι 11111118. 1. 1. 85111111 11· 11·
1111.1.1111111111111811. (1111111) 11111111 111111.
111· 821] 1118111111 81811 811111 11. 111· 881.
1111111111 1118. 4118. (11 1111 111-1111111 811181.
481.111-1(1111 18111. ’11..811111 1111111 11118. 81· ¹
, 1111111111111811111 1114888] 1.1)111111111111
111111.-(111(1,8111.1118811111111(418 418] 1.-
11111 111111( 8111111111111.11.4888.111111 atrox χ
11111811118111118181181481.111-111111111111111111
11111· ··11111 ιι. 111111111111 1.,111111111118181181111 1. 1
’ 488. 8111111111 111 1111. - (111 811111 1. 111111 81111. ’
111118.11111(411.] 1. 111111 - 1111181111111 1111
[481] 8111111111- [1811 1111 11111111. 111- 811181
, (111. 111 111. 8118111118111. 411. 1111 111 - 1111 . 111111
11111111111.·(1118111111111181111111[118] 111 1111111111. ι
1111811 (111(1, 1111111 111 111. 8818111. 1. 1111181811.
111- 11111111 (418] 111· 11111181 1. 81111111. 1. 1111.
11111111111111.11118111111111 (188] 81111 11111 11111
111111111111- (1111 (18111111.) 11181111 f

 

