Ι 133 , ’
4. 44442441 222. 21414 4141211444 12441 241421..Ι 21444 “

14124412. 11424114 4. 2114 242 2442442 1422 111262.
222. 4144442442 4244244 12441 241421. 222. 1444112141.
222. 422 21414444 2441444444 2. 421. 424111. 212414 ‚
422. 4224 21411. 2421422424 [4221 - 21414122
au 214 2114114 (1282) Vll, 422. ”“ ·

2442 - ’244 14414. 24421414.- 242 2114414244 11124.
· 22414 4411. 242 242. 11, 2112. 4442 4. - 4411421442 “
2. 22444441144244111, 122. 2141141111, 122. 24.
12411. · 244. 2. 2442 12142111. 24244124142444 2. ·

2442442411, 441. 241244 24 2442444244 2112
144 11,222.

24424 24444 11421 4444 14411442. 4. 14 24142. 111, 22.
414 244241 111 4444.. 4. 2221. 42441242. 2142. 11,121.
’ 2144442142. 242 4141144 144 244244 114244124441114 414

12442411. 14 2. 2241144 44214211411212.
’ 244241424111,246. [422].-·(144244144(1141141.)122.
2441444244 11 41144 412 24424144 11, 228. '

24444, 2441141444 211414, 242 114142411122. 244412. ’
444 114412 24. 254. 2144 124141 4424412 11424144 224. f ’

4211114224,244442244241111,19.44 1241414 2.·
’ 4412141144 252. 4. 2114 44112. 11111, 222. [421. 222]

(14444244 11, 351.— 242111111242111148.

24144214 111, 112.

2411442212444-214 2142144 4. 4112- 2114212 442
214444.1.2141411144.Τε1.4114412444 4. 24 241. 115.
214214 4112. -24111444114414 Quanta ,

2441414244, 44424442 14 441441.,1241 2. 2414411 4214 -
2142441114444. 1,4111. 2411. -11,2. 2441144, 4441244 242
vacuum 141444 241424 1114244 1144144 2411442242 44. lv, 21.

24422, 24222412.μ 24124412411284.)111142.

24214441144242 112442124442 11, 411. 24412424. 111, 21.
24211411. 441242 122. 211, 214-4142214422 ·244.

224424, 1441424 2142412444 441 12411 11121, 22. 244142 ¹

244 2141414441 4421 111122.

 

