’ , 6666666. ..6666666666666661666 ¹

2 66166 666 66661661. 616666. 241. 6616. 16 66161116· 11.· ’

61 butue 16666616. 66616611-6666666 6116 1, 441
, 61666.6166666161666661666666666666616666116666.·
, 66666 6661666, 666666 61661661666661166611666]
Sauvngo 1611661 111,146.166.168. 6666666
”unguit trouver lonfait· [1616 Γ ’
6666666666616166,16366616666111166 1116416.
. ,666666 .- 0666666 6611111, 161.
6666666611,164.-γ;6666161,461.ι - . ,
&cattum 66116666 1666666666 11, 64. 6666616116..
⁹ 666616, 6666 1666666616, 61666 mit 66666116 66-
166161166666666611.1611616.-6666161161661166. -
16 «6166666 1, 664. - 6661666616 61661116 61164611-
6166116666616166666 11, 466. 466. 416. 111, 164. 6161616
[1166486] 616666 bet 66666 ΙΝ, 466] Ι
66666661 111, 614. 6166666 §ie 116 1616 . 666
1116666616 616. (661 616.)
6666661164 66666666 6666116166. ·
⁸ 6666616161,16666166661666 1 ,,166 ’16 61166 66666.
6116 661. 666166 16. 666 6661616 6666616161, 666666
66161 lv, 161 ·
666666-666616666.666666 1.666.-.66661 66.

· 1,166. 611.

6666666116 6666666666 11, 616. 66661616 (6166) ·
etue· 161, 66. 616.. »cutmen 616616 (6. 16161.) 61. 66.
116. 611666.- 116. .

6661116666161166111, 64. -666 61616661.611666
' W, 61. 666166666161. 16666 6666 616166166661666 “
’ 1666111 616 -61, 11.

· ,6666 'gum 66666 661666116111,166
fiebam 666 66166 416616. 1, 66. 66. -111666 61661 geg.

666 616 666 616666 616 6116166 6616661166 [osten 161. un· *

1666 6116666611. 66616 611 661. 666 Q. 6. 1161. - 6616666
11, 166. 6666666666. 661 66 · 1. 36116666. m 666 66

 

