.
.
'⁸4⁶'
,

11111111 111. 1111 11111 111 111 1111 ,
118 1111. 1111111111. 111111 111111 181111111111111111111111
11111111198111111188.ι ’
8111811111.1111111191111.1,844 111 8111111111 11118
m 11, 118 11111118, 881888. 818. ’
1111111.111118111111,88.-1111119111.8118.
9111111 81111.
11 1111111111ιᾶοά’111111111 111. 11, 884. 18111, 1411 .

811.1111 111911118918.1118111111111.11188188 88.
88. 191. 4811. 811, 91. 811111 1181111 1111111,118.
1111111 811, 118. 11.

1111111191 1111111111 vocabulorum 18, 884.

, 811111111191111811111.611.18,84. 811111111ῐᾴ111
18114. 11. 111111111111111 118 111111 1811111. 1111811119.
1111. 811118 11111111, 88. -
. 8111111. 811.. 81111. 1181111119 81, 181. 8881

11111111. 811. 811119. 811, 888. 111. 11111. 111111.
. (1111)11,111(1111.)11,111.-1111111111

1111111111.

1111111911-1118191 111888.11111 91111111.- -1181
3111111111111111111,88, 811911 11191. 8111191111
“ 9119111 9111111111 1111111 18, 818. 118 31191111 111
8111111111 11118 11111111. - 811, 118. 1111111119 1111111
8111911111111111111. 11, 8.

11111111 - 11111111811111 18, 88111.

81111911. 111 9111111. 1111111111 11111. 1. 1111111911 1,88. ¹

Ι 1111111, 91111111 1111811 111111 11, 811. 1118111111
· 8-11 111111111111111 1111. 818 111111- -(8111.)818.

111111111111111111111111911 18, 41.

81111111 111811111. 1111. (111 111 91111 81111)
811, 51. 811111111911118, 418. 1..1119111

. 1111111111 18,18. 8111111111 18, 8811 441 111
11119. 111111 8111. 911. 11111111. · 1111911111 81, 8.

11111111 11, 111. 111 8111111111 1111..

 

