y 11
6111111 (mie 11111).11111,114.- 61111111111111111111 l

111 1. 11111511111111 1111. 6111111111 (61111111)
11111111. 111414. 811111111111111111111. 3111. 1111
1111111111 11111.111111111111111 1113111 11454. 111111
11111111, 111 11111. 111 11111111 1111111111, 11111,
111 111111 ὶ121). 111 11111111111ὓ11111111 1111111111
(b. 1. 6111.) 189. 11111111111111111. 1111111 1111111
111υθ1111111111111 1111411. 1111111111 11111141.
11111111 (111.) 11111111.61111ιῶ111111111,31.48.
1111111111 111, 388. , ¹ ,
1111111111 - 3111111111 or Ptinter 11176. m·
1111 111114. ’ . ’
11111111 1111 111. 6111111111. 1. (1111111111. 11111111

· 11111 11111 111, 118.

1111111 1111111111 811111. 1111311911. 111211.

Amen 111111ηηί111- 11111111111·ὕε1111111111111

11, 28. .
1111111111 111, 19. [111]
1111111111. 111111 11, 414.

· · 111111 111111111811111111111111111111111.
1111111111. 1111111111111111 11113811. 11111111111111.
1111. 111 1. 11. 111111 11111 111111 1,8.- 1111111111
bet 1111111111. 11111111111111 1111111111 111, 118.

1111111 11119.
111111111111111 3111111111 111, 111.
11111111 11, 431. 1111111 1111111111θῦ.

111111 (1111181111 111111111311. 111111 1111111 ,

1111118111111111. 111111 11111111 11111111 1111111111.

1. 1111111111. 1111111. 1111111111 111 111. 1131111111 ‚

1111111111.1111111 1111. 1111111111 11 1111111111.
(11111111111111 11111111111111111 1.--11111111
11111111 werhen 111131. 331. 111111111111111111,111.
31111111 1111111111 111 111 8111111111 nom 1111. 111111
11111111 1,11. —- 1111111111.1111111111111ε 111 11111

11111111 u· 111 11 111111111121.

 

