405-

44444 (f. 444444 44. 444. 4. 444. 4 varag-
’ 464444314848. 14448444444444444 144881. 4444444.

,6444444444 481. -
, 6414444 44444 8444448444 44 444 444 8444 44444. , .
1, 448. -414444 4. 44444414. 1444441,·4444144444444
au 4444444444 4144 fid) 44 441444 8444444444 44444. · x -
4. 4444444844 4444 444 11444 4444444444 4444144. 488.
6444444 u. 1444844444. · 14 444 4444444. 844444 . ’
ωΜΜῂΜΜΜωωωἮΜ
141. 148. mm 884. Gatt- 4. 4544444 444 nucum ¹
444 · 118. 44444. 8414444444 11, 844. 4444 4444 4444
64444444 44 4444 4444444 4444 6444444444 4.1,488. ,
opium 8444. 444 44444. 844444 vl, 1115.¹ ‘
· , 644444444444844444114444444. lv, 148.
6414444444 ·- 8444444444 4. 4884444444 444 · ‹
Vn, 84. - 4444 wei 444 4444444 8414444444444 4444·
4. 8444 ze. 11, 444. (f. 444444.) lv, 444. 444. m
(4. 6444444444) 814118. ,
·= 6444444444 444444 43444. Vl, 48. vll, 4. ¹
64444 - 44444484 44. 444. 84444. 44484444 444 444
44444 4. &terte 4444444 4444. 444444 444 4444 444 84444
41444 4. 44444441 444444 Ι144444 3 444 {armen 8. 4444
44 - 1, 4444. 8444. 44444 144444 444 ’44444 444 64414444 ’
4. 44444 84444 nu 4. 44444. 1144444. 44 11, 48. “
&mm -· 44444444. 4444841. - 44 444 84444144 1
444 84444144 4. zet. 1, 148. 44444444. 444. ·, 84444444 .
444 4. &enen 4444444444 u. 4444444444444 vm, 4.
. 844444. 444 44144444444444414·444· unt 64444444.
(4. (m.) 8,148. 444 4144444 34444 44444 8444. 444
41144441 444 · 444 4414444441444444441, 488. 444 4444
844444 44444 8444444 eine 4444 · 4444444444 414. =
, 44 444· 44444 8414444444 44 4448444. 444. 444.
44414444. 4. 4. 44444444. 8444. 444 84444. 4. - 11, 288.
118 4. m. 188. 128. 484444. 184. 4ὤ4. 44444414. 4. 84·
444. am. 4444 4444444. 44484414 4. 444 8441444444 ·

 

