444, y
441. &nocue (1111111144.) lv, 147. 1111111.Ι 641. 144·
18. 4411114 - 111 111111444441114 165. . ,

14411 - 14 91111411- 14114411. 1114 4411 1144411141
41411. 41441114. 1. 11144141 11, 461. 111· (111141.) vll,

111. 111 11. 11111111 4. 11111111 44141. 1111114. 51. 4414414
1. 1. 111114 14 1. &pn 114- 1,11 [14411. 141144· x

44441114] “ . .

’ 11111414-11144414 4411444114 4. 6144 lv, 1151.
ι 1111411114, 11444411141411111,111.- 1114111444 (6141·
11441114) 1. 1444144641, eutationi: 11, 114. 11411414
1444 41111411 -185,

111111 (441 1111414111) 1411 114144411441111. 1411
1141141. 1111114411. 1, 11. · 14 (11444 44111111 114
1111114 11. - 1111 14 1. 4411. 4411141411. ac. 1111, 1111.

- 11141444] 141 1141111411) fid) 4444111114 4111-4444
1141141144 4141. lv, 41. 4114114444 4411111111411411
11114414 114- 41. jebet 141 1114 114.’(111144’4114 4111
4441. 114 1411411. 4. 6111411 111411 11411414. 41. 114 41111.

¹ 444 1141141441. 4411411114 1111141. 1111411111. 144
111111. 144444 41. 1114111 41. 11. 1141114114-1141111141.
4111141 ist 41. 165. ⁹- 4111 1441114114 ·. 111114 1141]
18111114 4414 [eng 111 44114411144114 114 411111 1114111
11411111, 111. 4144 111 · 4111 141441 141 41.. 14141 4111
114141. 111 4444 11414 14414 1444 4141. 111114. 11414411.
41414 4444111 4. 111. 11414196. 11111111 1444414141
11414111 4. 4144. 1111. ·,111411114144.41111114. 44 441411.
111. oe grand 4414444414444 necess, de 4444141414.
14411. ot l'arrour d'u vulgaire 11, 611-1411111111111
114. 4444 611111. 4. 61114141. 4111 441 1. 1111411114 114-

’ (441614 τοῦ σώμ. 1111444614 τοῦ ἅξιώμ.) 11144. &teus
41111114 41441111. 4. 414114411144111.1114441114-14111,
111. 441 ist 1. - 4441 1441 4. 1141114111 41. 4441 1441
4. ,11411 1114444 1114 -vn, 5⁰. - 1. 1114114 11111. ge·

· 444141 14114 114 ῶ41141 11411 11111. 11, 111 ·.· -111111
1111111. 1. 114144. ’ “

 

