R.,

1111111 11111111. 11 11611111. 111116. 11. 1. 6111. 16111.
Α 11, 141. - 6. 1611. 1.- 61111.

’ 111111111111611(1111111.) 611111 11, 68. (16111111.)

111111111111111111 1616161111 11, 18. 1111111111.
11. 61611111111111. (11111. 111114.) aas petit·
1111111 auxquels 11811111111111111 11111111116111-

1111111 1111166. [111181]

’ 61111111.11111111111111,111. 6111611611. 1111111.
6111111161111,411.1

6111116611111111111,1611. 661.-11,156.

61111111*ὴ 181111 1116- 11 1. 6111111. 1, 67. 111111
1111111611111111111116111 1111 1116116. 1. 111111 611111
1111. 71. 11 111111 61111, 6111 11 1116111 111111 1111
1611116111,11.1111111111 ,1111111111 11, 661. 6111111
11111111 6111116111 1146616111 111181616611111 1111
111111. 1111 1111111116 1611111 11, 17. )

111111111611111111 1111161611 61111111 1111 11, 65.
1.;6 1. 11111. “

- 1661111611661111111111111. 61111161. 11, 161 11111111.

61111111111111. 1111611111118. 1.111116111111-·

61116161111116.
6111116161-η1116,161111611111(6111111,77.

611111111111111 Ν, 18. - 6111111111 6111 119.

11111111111111616111111 11, 18.

61111111. 1661111111 11, 81. ,

611161611141.11111111161011111111111111111666. Ι

61111111 —- 1111 1161 1111 6. 11 11111 11111, 111 11161 ¹ “

11161111 1111111116 111 1111111111 11, 46. 111 11161111.
111 1111111 111111 181.

6111 11111111111111111, 11611616111111111 16111·
1611111166. 11, 483. 16111111 111116. 161. 611111 ·
1111 111 6111 11111 1,111.

6111-611111 1111 11161111 1114861484. 1111611·

111111 11116111 1111111111 481. 6111, 11161111 11111111

 

