25³

’ 1111111111, 1111111111 1 111111.. [m]
’31313111131111111111111111.1313111113.

. ,3111111 1111131111. 111 111 33111 11, 398-433 411. ’

311111111-1111111-111133319.

,91111 1116111331 ’111111331111111 Δ Ι

311 ιιι 1113111 1311311111 11111 11, 111.

, 91111111111111111111113111111113111111. , ’

111111 bis 1111911 111111 111 11, 331..
· 31911111113.31311111911111 (91 131111) 11111)
111111311131111111411,173.

31113311111111111111311111 3111 1113111111 ,

1111. ,11 37. 31111111111111131111 1111113111111
91111111. 97. 111 11111 1. 3111111 11111 11111111. 3111.

,1111111111 1113111 3111 11131111. 1111311111 111 111111 111

- 191111111111111111 ,111 111911. 3111111 3312131111

1911111111... 11. 1111111 111 93111 111 11111111,Ι 17.

4, 3111191,4-111111111 11111111 11 1111111 111 . 11, 178. ’

· ,1. 3111111342. (11111111. 3111181.) 111. 1311111.
. 11111111111111113111111 11, 141. 11111 11 11111 mia.

-1ιι1ι 111111113111111.1111, 379 ., =

‘ 3Μ111311111143.31111111111111-111133. ’
μ13113111111111111143.

, 3911-1-311111311111111111133111113113111.

911111 1111 11, 78. 311111 1111111412. 11111111· 11, 377.

1111131111. vu 11 11 11- -111111 111. 111.

1111 1111111 1111111111 111, 139.

¹ 2311111311*1111111311311111331231211311..
111111.111,324.-11111131111111 111279. 3111111

1111111311111111111311 3 111 382.. ..119111 999.

19111111 n. 1111111 11131111111111111 33.
311131113111111111111283.1ιῖ '

. 131111191111111 1111132111.) 11, 213.

1111111111,411 ,

3111111111111111114931111113311111111. .

31111111-111131111111231111111111111,31.-111191
313111333111111111131. 1· Π ,

 

