⁹ vn, 111

80 ,
· 111111 11111111 11 1. 61111 111111111111111. 11111
- - &aduenam 111111111,85.,61111 111 111111 111, 11.
151111. 11111 - 1. 1111111111111111111111 1111111. 111111.
1111111111111111111111. 111 · 1111111111 1111161111·-

111111 lV, 11. 1111111 11111 11111111 1111111111 111, 1.
11111111-11111 11111 111111. 1, 81. 81. 111 111

111·111111118111111111111111(11111111111111,11.,

1111,11111 1111111111111111111111111. [11111111]
111111 (1111111111 1111111111.) discours 111.

1111111-11111111111111 1. 111111 11 11111
1111111111111. 111111. 1111111111.1,111.-11111
11111. 11111. Vl, 1411. 611111 1111111111. 111111. 111.
· Θ11111111. 1111111. · 11. 1111111111111·111111111111111
111 11111111111161111 111. 11. 11111111. 11 1. 111111

’ 111 1111111 Vll, 1. ,

111111111111.1111 11 111111 1111 1111 11111 ·
1, 1111. 111111. 11111111, 111111111111111111111111.
, 11 1111 1111. 111111 111 1.(1111 111. 111111. 1111 1.
1111 1111111. - 1111111111 1111. 1111111. 1111 1111
1111111 1111111111. 411. 1111 11111111. 11 11111111
311111 1. 11111. 11, 141. 111 1. 111 1111 11111 11, 11.
111111 111 11111111 1. 11111 11 11111 111.

1111 1111111111. 111111. 11111. 11111 1111111. 11111
1111111, 411. 11 1111111 1111 11111 1111111, 1111111111.
11111 1111 411. 411· 11111. 1111 1111111. 1111111111 11, 11.
11111 11 1. 11 111. 11111. 1171111111. 11 1111. 11.
111111. 11 1. 11111 111 111111111111111111.111111174.
· 111 111111 111 11111. 111 11111111111111111 111 1111 ,
111111111111111111.11’,111. .

111 111111.11111111111111.11111.111611111
’11,11111. 1111- 111 111111111111111111 1111111111
111111111111111111.11111·11111111111 1111111.
11111111114111111111111111111.1111111111111111 111

11111111111111111111111 1211.11111111’11.111111..·
= 11·

 

