“’ 111 1111 11111. 111111. 1111. 11114111111111111111611111
11111111611111111148. 11111181111198. δόξη, 11111τὴ1111
1111 - 11111111. 41. 111 111. 11111 111 11111111. 11111111
1111111. 11111111 111 · 11, 61. 1111. ’1111 Q. 1. 311111.
1119111. 91. 111111. 1. 1111111. 91111111 11111 1111111111 .
111 -, 111 1111111111. 18111111. 11111 1. 11111. 611111 111

v. 199. 1111111111- fid) 11111 1111111111111. 11181111 ⁸

’ 111111 1111111 sustuna 11 1111111111, 11 11111111 1111 11111
b· 111111Θ1111111111 πάντα osta 11111 ἀνθρώπινα πάντα 95.

·, 111111.. ’1111111 . . 111111 111 111111 11111111111111. ’·

115. 1111111111 11111111 111 111111111111 lv, 116. .
ῡ111111111111 11, 84. 111111111111111 lv, 89. κ 1
11111111- 11111111 111 - 111111. 1111111111 1111 111 1111-

11111111 111111 1¹, 464. 111 11111111111111 111. 11111 (brif.

111, 11111 1161111494. 111111111111 11, 411.

11111111 1111111111. 11111 111111. 1111111 (1111111111)

, 311. 1761. ΙΙΙ, 211.

19 ἓ1ξ11ἓ181213111..1111111 1. 111111111111111111. (11111.

111111111- 111111 11111- 11111111. 11.11,14. 111111 ’

111 nod) 11 11111111111 · 1111111 11111111 111 1. 1111111

111111 19. 11111111- 111 11111. 11111 11111111. 111 131· ’

111111. 111111. u. 1111111 1. 1111. 1111 1111111. 13111 .. 19.
111 11111. 111- .. 111 1111111111 11111111. 1111111111.

11111 um 111 11111 1111111111 111 1. 117. 11111 111 -11111 ’

11111 11111111 11111. 1111111. 118. 1111111111. 111111 111
111 - 111 111111111111111 im 11111. 11111 111. 111111
11111. 1111111. 1111 11 11111 111- uod) 11111111.. 111
11111119. 1111111 111111. 111 111 6111111111 1111111
gem„ 11. 1111· 1111111111 (6111. 111111. 1. 11311111)
ΙΙΙ, 53. monstro d’histoire tv, 118. 1111119111. . bet
11111. gen. 11111 3111111111-171, 19. - 3111111 111. .
1111111111 1111 11111. 1111 1111111. 1. 1. 11111. 111 favet·
1111111111 1111 1111. &iun 1111 int 11111111 1111111 1111111111

m. 111111. 1111. 611111111111111111 1111111 1111111.

 

