. 111Ι

Ι 1. 1111111. 111 111. 111. 111 1. 1111111111. 1111 111. 1111

1111111. 1111111 111111. 144. 1111111111 1. vocab. 1. ri·
11111 1111 11111111111111111 1111111111 v1,14. 111111
11. 11111111. 11111111. 111. 1. 1111111111. - 1111-

, 1111111111111111111111111111 11 111. 11111. 11. 11111·

1111111111111111111111111. 1111111111 1111111111111111
’0111111111 Ν, 117. y ,

- ¹. 3111111 111 11111111111111116111. 11111 (111111.)
11, 11. 11111111. (1111611111 111 1111111 1117111
1111. 119. ’1111111111 111 1111111111 271. m. 1111111
111 111 discipl. 111. 111 · 188. 11111 11111111. 11111111

11111111111111111 51111111· 116111111111 111 1111· .

1111111· 111 11111. 111. 11111111. 11111. (611111) 1111 -
111. 1111111 111 111111 611111 1111111111όῖ 1111.
111111 111 1111111111111111111111111 111 - 1. 118. 111
111 11111111. 111 111. 111111 111111111111111-1111111.
111 111111 11111111111111111111111111111111111·111
- 611111. 111 - 1111111 111 11111111 11111. 111. 111.
1111111 (111111 11111111, 1111 11111111 1111111111111111111.
111 111 11111 111 ’- 11. 111 111111.1111111111111..111111 ’

1111. 111111. - 11111111. 111. 111111111-1111111111111. ’

. 11111111111111111111111111. 11. 1111. 11111111. 1. 111.

1111111ῑὶ11 ι1111 11311ιί11111 11111111 118. 1111111111

, 111 ..1111111111 111 1111111111 111 -11111 1. 11111, 111

1111 111 1111111111 1. 1111111111. 1111111. 1111111111
Trismog. 1. 1. 11111. - 111. - 111 πρόληψις 111111· ,
1 11111111. 11111111 111111 111 111111111111111111111 111
⁸ - vl, 11. (111111 1111111. 111 1111111 11111.. 111 111·
11. -· 1111111Ι 11111111 11111111 11. 111 . . 1111111111 11
1111111111 111 11111 6111111111 111 111. 1.· 11,· 11.- ¹
111 1111 11111 111111111111111111111111 111 111. 1. am
111 111111 111 111 11111 11, 111. 11111111 1111111
1.111111.1111111111111 -111111111111111,111.
1111111. 11111 111111, 111111 111111. 11111 -111 111111
1111 11. 11111. 1111111111 1111 111.

¹ (11111111 ·’

 

