ψ 72

(2221122 - 222 22221221 222, -121222 11,54. 222212.
221222χ222 212, 21221212 222 3222 222 424. 212. 22221222 ἶ

(12122 2122222) 12 , 221 eyn. 2211121211 (2211221) 248.

2. 2221122122 211, 82. 122222 32112211, 421 22222221

22222 1112122222 21, 52. ’
11222122222212. 2122212221222222222211,22. .

, 22216122, u. 2. 122222. 21222222. 2122221222 21, 81.
222222 zu 2222212 11 , 512 ,
2222112222212121222211212222221 (211222.) 211, 112.
2122222222 222 1122222212 12212222 1121111112 11, 22.

222 22222222 222· 12121 sum 221122 1121111222 111, 122.

· 2212222122 2322212211. 12, 282.

2112222 - 222222. 211212. 1222 2. ·· 222 2212. 11 , 22.
1212221122121511122 211. ‚se ipson deridendos propi·
nant 212,122. 112211] 22212 212 22222 222 mn 212
21121. 2211222122 21, 2. 1121222. 212212 bet· 21. 112-
mon du midi, 222 2211 21111122 2222122112, 14. 212222·
1122222112 274.

22112222 Θ 222222 11221 212 2211121 212122 an 11, 142.
2212222222 2122222. 222 2122222122 12, 11. γ
22222-22211.11221211222222122 222221. 1121. 222122 ’

2212512-222212.12222221221.121,12. ’ .

22221221 22221221 22212 22211 2222122 211, 2511. 252. ,

222222-22222222122 2212121222-11,122.

1122221222 2122221212 11, 515. (52) “ ·

, 2221111-1131221222.211. Ν,17.11722221112; ’ ,

2121222222 122-122 2212221222 en 2222 212 2121121222
122122. (2111, 212.) 2222 1121. (2122222 18. 2111, 251.
21222222121212222222. ’- 2122222222221222222 2212222.
22221121121222211424. 2212222222222222228. 112222
2221122122, 25. Qun. ,2211 bem 222221222222221, 82.
12221212 6222212212,2222. [21121282
2221222121·- 212 2221222222 21222 222 22222211 2222

222222222.2221222222(221121.1,11·λ

 

