'171'-

717777 (7777771711, 47. 77 7117. 71771171177171777171. .
777 17771- 711, 73.

777777117171171117 7771717717.1,4717.11,267.
111, 397.

7717 77 17771711 717177 7777 77 17777111. 7 7717717 7117
1177. 7777771177711 11, 7. 7177777717. 7111117171 777’
177117771771714 111 1117 717 177711 7711771717 17, 27.
aurore 1111171117, 1777777717 7118117717 &ox-155. 7777
17111171. 77717 1711711771-17777 777711. 17171. 177777 7111 7111117.
· alls: 11. 711771 777717 71177 7, 2119. - 7177. 7117
1 71171 7. 717777 71711771111177 777.Ι 77777711 -717717 71171711·
77117 17. 477. 71177777 7. 717777771711771 711171 1111771

711111771711 11. 7171717. 311. 711,111. 777 1117111777 ’

6177. 7. 11711711 11. 7117717177177 17, 7711.

77177177, 7717777777 71111771, 7711717777. 711, 17.
74. 7111, 7511. Urunt 771 17717 71111777 771 71771717.
7777717. 7777 7711 7777777777 77177 177. 771 1777. 717177 ’
’717771 77177 ·, 7111 11177 7. 771117. 7711777777. 777117.
, 7711117717 71111711777111111111117 711 717777 177 -71717,
1771711 77177 7777771711771777 7717771177. 7. 3117. 1277.

71117777 71777777 (17111 177. ); 11 77711777 771 777177
72111171, 377. · -
· 7717717777 711711. 111, 4717. 4711.

77771777 71771711 17, 7117. 71, 77.

7177 -“- 71 177117 - 177177 777717..777.717.611711117
717 71777711 71717 7. 1171777. 7. 1177717. 11117 7. 7171 1171177
1, 73. 771- 77111. 11. 71). 77771.. 171177 77 7. 71. 7117117
777. 737117 ’17777 1. 76 7117 1177117 -7 7. 3717771171. 7771.
7. 71771777 87 1717 un 71717771 7. 717777 77 771 777
77771 71717 71177. 7717. 717. 117. 717 777171. ·7ς 717777
771177 7 11117 77771. 77177177 711117 717 777117 777 3717,
17. 1717. 771- 777 777 777. 7 71777 777 71777. 7371. ,

1217. -7 71177111171777111777. 1771 7777171717. 7171 71777771. ·

7771. 177. - 171 7. 7717 (7711. 7177711.) 111, m.-¹ 777
717. 71717711- 771177.. 17. 7777 1. 7777111· 7771. 7717111.

 

