319
= 1111111 ·1 (111 ben 1111111111. &puk · generis 11111111
11111. gen. 111, 31131· 111-111 6111111111 1111. 3111,

11111 111 111111. 111 1111. 91111. 1111111. 31111. 111-111
6111111 1111111. 11 unget. 11. 11111111.1’11,33. 1111111

Ι11111 1111· 11111111. - 11116111111111111111111111111 11111 ,

11. 111 1111111. ·,v1‚ 51.

11111 111 111111. 111111 1111. 111111. 111111· ,

11111111 181. 111111 91111.. 91111111 11. vn, 511. 1111111111.
x 121. 111 1111111 ·11111111111111. 1111611111111111111.
-111 11111. 11111. 1111. 111111. 111, 51. 111 11111. 1111, 1.
1111111111 111 1111 1111111 111 1111111111 111111 -1 11111
13111111 11111, 361. -1111111111 1111111111 11111111. 8. 1111.
¹ 111111 ὅ111 9. 11111111 111. 1111111. 81111111 111, 111. 111
11111111. 111111 11111 111 - 11111 9111. 111111 111111. 31111111
11. 911111 111, 8. 3111111111 14. 1. 15. 111 111111-

1114. 111 1111. 1111111. - 11. 11111. 111 1111 1111111. · 111

. 111111 61111111. 11111111· 1111111111. 11. 6111111111

ᾖ1111111111 111, 41. l 1
1111-111 -111 11111· 11111 1. 1111 11111111. 1111111

’ 11111 111111. 61111111.. 11111111111439. 111. 1. ·1111. ,

61111 1. 1. ῦ111111 11111 1111111111 111111111111111. 111

111. (11111. 1., 1111111111. -111111111 111111 1111 11111·- ’

1111111111 111 91111111. 11, m: 111 11111111. 1111111111
1111111 -111111111 111111. 11. 111111 111 11111111. 61111111
111 1111111141. 288. 111111. 111 11111.. 111. .. 11111. -111
111111 111 11111111111111111111, 1. 11111 1111111111.

1111111111 11111393. 1.- 11111 1. 91111111 . . 1111111111 ,
4119. (men 11111111. 11. 111111111111 111 111-1111. ·

111. 1111114118. 1111111 111 111111 111 1. 111111 1.(111
11111111 11111111 111111111 111 1111. 111111111 · 111 111.
1111111 11. 411. 411. 1111 1111 611111. 11111 11111111 ’111111

hie · 111 11111. major 11111111. 11111. minor 1. 432. ,

1111111 &num »omues 1. 1111111. ·111 5118. (1111111 -111
11 11111111. 11111 1111111111 1111111111111 1111 111ῦ111111·
11111. 1113111111111. 1111111. 111111 11111111. 11111111ι

1

 

