⁴²80·x

1144441. 1414114414 4411141144 481. 4114 -111 14411141 14
¹ 1411441141. 441. 144-11411411 4. 18414144 1444441
1. 14411144 64111. 4411 44141. 11411414 1141114144 gu,
' 111. 114 - 141 1141441411 1411 u. 14114444.144444111141
1141411144144511. 414 44441111. - 141444414411111118,
141 vetorum 148 11414 1114114411. 141 4. 114141 4,- gu,
1441. 141 (111111.) 1111114. 1141411414 p. 11141411 ,3111141
111 141- uad) 114144 4. 11411 4111 4114411111 4. 11441141

’ 141 14141 141 148 144 44414 1411. 94111411, 14 -.,1141,

u· 14141 4149411, 414. 11 114114411141444 144 1144141411
144 81144 4441111441. - 4444111411. 11,110. - 441, ’
’ 11434141. 188. 1114111141 148 114144- ες. ΕΡ. 1111.
1441144 - 1411. 14141 118 148 14111111. 1411111141. 141111

' ν ff · 1444411113. 441441. 14111 4. 1114441 141 114 4441144 4

, untet 1141. immet 1114194441 za) 4411. ze. 8111. ,114

, f 14411414146414444141144144 4. 114484141·4111.14441

,61144144 1411141114431111. - 1144144444 11444144. 1111,
1141111114 11441414. 1441 commune· 144441. -, 111,
[158] 1111411. 114111. 14144 114144 141141, 441144 41441
14114141414444 otc. 419. ’1144114 1144 141 84111441 4,“

’ “ , mantem} 444 44444444 u. , 44, nub, zeter 11„qu

41144411111411444111414114 · 44144144 1. 1141111114Ι
14441141 u. 1144411, 83. 414 menig 1141144411 444411
441 1114144141. 61411411 41131441. 114 441414114144
u. 1411, · 1116164411. 141111. 14141111. u. - 114111
. 4141411144 14 4111144 4441414 14 11 14 141144141441111,11,
414114 14441, 11111144 u. - 141144 1114114144444448414
ι(1441414414 441 111. - 1441414114111141 11411 44141114,
144 1144411144 111. -. 1441411141111114111411. 1,
1144144, 41414441414144441, 168.

11411414-114.. 44141414111114 141 ’841141 11 1,
14 111144 - 411 tq 11,8116. —- 1841114144 beten 11441..
1444 4. e. 1111144141414 1111114144 1111881.

1441 11 e· 1414411. 11411. tt. 11, 4811, - 1111114 1114,
1144. 4144144 141111144441111444144144144 1111(

 

