,111 ,
1111111-1111111111111111111, 1111 1. 111111 1111111111

1111111111. 11111111111-111111111.111111111151
1111111111 111 1111111111111111 (11111111111111) Ν, 117.

1111111 111 11111 eud) 1,191. 1111111 111 -111 1111 111
1111111 114. 111 1111111111 1111111111 11111. Ν, 19-
11111 111 111. 11111.1111.11111111111·115. 11111111 1111
- 1111111 111 9111111111 1111111111 1111111111. 111 1111111111
11111111111,111. 1111 11111111 u. 1111 1. - 1111111 1.
1111111111 1111111 111. 1111111 11 111 -3 111 9111111
· 1111111 1111 11. 111, 11. -11111111 11111 11111111·
“ 11111111 1111111111 u. 111111111117. - · 11111111111
(1163) ΙΙ, 451- si Solitud0,Pax 1111111. nihil Pace
miserius [v11‚ 91. Sp] - 111 1111 111111111111111111·
(11111 1111111111 11111111111111111, 11111 1111, 1111111·
111111111 1, 16. “
. 1111111111 1111111111. 6111111 111111 11. 1. 111. 1111111111.
11195. 111111111111111. 1111111111. 1111 1111111111.
1111111111 111. 11111 1111111111 11, 81. -- 1111111111
w, 17⁷. los Foderiosd’or deflorant 1111. 1ὧ5.

, 8111 111 11111111111111 11111 · in 1111111111 Ν, 22.

111111111111111 111 11111111111111, 1191.

1111111111 -. 111 Ι11111111 11. 11 111111 11111 &tumtum 1111
6111111111111111. 1, 1115.

1111111111 - 1111111111111111111. 111· Ν, 412.

11111111 - 11 1111 1111111111. - 1111 1111 1111. 11111111

111111. 1111111111, 118. 111111- 11. 111111111111111111. “

1811111111 (1111 1111111) 11,111. 111111 1111 1111111111.)
1111111 111111 11111111 111111111111111111111111111111111
111111.111111111111,11. 1111111 111 111. 11111111 1111111. ’
1111 11111111 111 (111111 11111111 1111. 11. Ν, 1191.ι 1111. -
11111111 1111 11111111 1, 280. - 1111 11 111111111111111
111 1111111 11611111 11111 1111111111 Ν, 1111- 6111111·
11111 111111 11111. 1111111111.. 11111 11 111111 1111111111 111
11111 1111111111, 19.

· 1111 111111.111111111.- 8111111111111 11111111 ,
6111111611111111111 11 1. 9

 

