54
s ι 1111111111 (bam.) 11191. 111.’ 1111111111, - (611111

111111).11,111ιι 141. 1111111111 · 111. 1111. 111111 bethi·
1111 - 11111.- 11111111 11111 1111111111 1-

uendi 11,209. - 11111111111111 fortune du pot 1, 281. ,

11111111 ἀτρύγετον 11111 · 1, 511.

‘ 11111111 1111111111 1111111 1111 1111111111. 11, 181.

111111ι11111111 1111111111 111, 91. ι
11111111 11151. 111. 1111 11111 1111 111· 119. 1.

, (1111. written) 11111111111111111411. 111111. 111

1111. - 11111.

11111 - 11 ’1111 mein 1111 1111 1111. ,11111111 1111
111 1111111111. 11 1111· 111 11111111 1, 491
. 1113. 111151. 399. 313. -1111 111. 1111 11, 119. 111111
1111 11111111 111111 [391] 1111111 (111. 111111)...
' 11111111 1, 1118) 119. 1111. u. 11111. 111. 111111 1111111
1111 - iu 111111 11111111111. 1111111111. 1111111111
1111. - (111 111.) 11,111. - 1111111.. 11111 11161111
111 11111111 1111111111 111111. · 11, 11. &rein 1111111·
111 1111111111.·11,441.- 11111 u. 1111111. &niele
111, 1311111111 · 111111 11111111 1111111111 1111111 118.
1111111111-1,81. (11,111.)-111111111111111, [111.
111] 111111.

Brooko's fool of quality V, 21 1111, 101.

1111111111-11111111111-11 11111 1111111. 11, 49.
· 111111 11111111.. 1111111 111111 111111 111, 11.

do Bru-ses tr. do la formation 1111111111 lugan:
1111115111 1,.151141. 111185.

11111 1111111111 111 111 111111. 11111 11,191.- ffi.

11111111 1111111111 11111111.. 111 1111111 ’11111111
, 111111 111141.

1111111 11111. 1111111111 11,14.15.111,91.111,181.
1111111111, 1111111. man 11 (111111 111111 11 111.)
1, 151. nutet 11-11 11111 1111111111 11, 85. 1111 111111
11111111. 111· 11 111111 1, 1111- 1111111111111111,113.
111 1. 111111. 1111111111 1.-1111111 1111 1111 1. &ntum

 

