1³5*

1111111111 1111111111 111.111111,111.(111.111.) 11111
1111111 6111111111 111111. 111. 1111111111111 11111
111111 11, 211. 111 111111. 111111 1111111111 111 111111
111. · 1111111 (bum.) 111 1111111 1111111111111.141.
(111-1) 1111111 - 111 ze. 11111111111111, 195.Ι Part 11
1111111111 1111, 126. 11111] 1.31111.1111111.11111111
111111 111 1. - 11 1228. - 1111111111111111111111.11
6111111 - 111, 11. 111111111111111 · 11111111111111 ih. ’

111111111- 111111 11111111. 111· 11111111111111. ,
1, 61. 111111111111111111111 111 · 11 111 1111111111
1111111 1. 1111111111 11111 11111111111111 11 11111111·
61111111. 1. 1111111. 111. - 1111111111 1111111111 111.
1111111111 1111 1111111. 1. 111. -, 111 11 11111 111111
11111. 11. 1. 111 11111 111111 111111. 111111. 3111111 411.
1111. 111111 111 &datm 1. 1111111111, 111111111111. 1111
11111111 111. · Vl, 34. 3111111 111 ·117. 111111. 1. (1111. k
111· vll, 91. 111 111111 &tul 11111 - 11111111 11111.
ο11 111111 1111111111 1111, 411. 11111] 1111. 11111. 111
111111 111111. 1111. 11111111. 111 1. 1111 11111111. 111
- lv, ²61. 1111111111 111 1111 111- 11111. 111 vul, 11.

(1111111111. 1111111 1111111. 6111111111. 111 -’
1, 414. 1111111111. 111 ·11)1111111 51111111, 111 &uh

111111111111111 1111111. 6111111111111111111111. ’

111-411. -111 1111111111 11111111 11111111 111 1111111111.
11111111. 111. 111, 15. 111. - 111 1111111111 11111111,
1111. 1111111 -111 1111 111 11111111 11 1111111111
611111 1111111111 nod) 11111111111.111,112. V,25.
1111111 · 11, 211. 111111. 1111111,111111 11111 111 ·
11111111 11111) 1.1111)1.ῶ11111111,211. - 1111111 1111 ’
1111. 1111111 11 11111111. 11111111. 111111 .. 419. 111
3111111111- 1111 111111. 1. 11111 1111111 11111. 11·
111111 Vm, 111.

11111111 - 111111111111111. ·-1,111. 111 - 111
11111.11111.1.1111.111.’ ¹ - ·

1111111-11111.11111 1111111111111111111.- ’

 

