6111666666 specifica 666 ῦ666111616 11666666. 4611. u s
66116166 16 6661616166 11166. 6116166666 66166 vm, 674.
61111- (6616116 666 66666666 66666666 6666166661 661

6161116166· -ll, 767. 66666 666 66666 6116 m· 6 61616116 1661

16116 66 66 1616166 616 666166 111, 61. 6616666661116111..

’ 6616 616- 6666 61666661 Vl, 46.

61166666-1661116166- 6666661661166666. 6166116 1166
611666, in 666166 661616 611616 16666666616616116616·

161611. 66 1666 661611 61666616 6666 616 - 1, 66. - 11666

gegeben 61611 666 6616 666 616166 616 6161666 6616661166161·

, Κ166 166. - 666666 666 61. . . 66666 616 66661616 666

611. . . 6616666 666 6666666 111, 66. 6-66 111, 616. 614.

“ 6616666, 6661666666 lv, 768. 111111, 2641
66166- 66611 6166166 666 66666 166 - 1616, 16611776. “
’ mame motgenl. 66616661616-66666666616 16166616 666
11116666 666616 666 16116 61161166 .. 1116· 6616166661111,116.

· 616 6661616166 16 666666 616166 66. 111, 78. 616 6611166,

6661616666 6666 (6611 166 666166, 616 16166 6116666666
66666 6661 16661161 1611· 66666116. - 61166 666 ’6666616
666 66616. 666 6666 666616 ra 61161 μου .. 11, 666. mit
‘ 66666 666 · 666 1116616166616166666, 6616 1111166. 661 661.

. r «bns mu bem . 6616666661111,66. 6663666 6116661666·

66666 136166 616 (6161111) 66666166· 11166. 6166616661).
666 666- 666 66166661666 666616 111,17. 11616116666661
6611 6661661161. 616 Grecquo 666611 sud) 111616 lm· -bet
661166661666611666-61616616666666666661164- ,
·· 616666666166666 66666 1111, 46. 661. 111, 116. 77 - 16166
1666616,677.-611666 6.1611616616616161611111678.Ι
66666166 11666 1666666661,166. “
666611, 66 =
66666, 6666616166 666 66616666 666666 16471. 11767. ¹
Rudinus do republica ΙΙΙ, 666. ’
11666666 166 666 6666666 66611 1166166 6666 61661 666.
6161666161666..666166666661166616666111,6. 1166661 .
666 61611666 166. 6

 

