&1

1111111111 111, 1111111 111111 111 1111111 111 11111111
11111. 1111111 1111 111111111111111111. 1111111. 11111
811111 111. zu 1. 11, 11. (1. 111111) 111, 411.ι . ’

1111111111 ·- 11111111. 111 - 111111111111 11. 11.
11111) ν1. 11. ›

11111111111111 1. 1111111111 11, 111.

. 1111111111 - 111111 111 -1111111111111 111 11111111
1. 1111111111 11111111 11111111 11 111, 111. . ’
11111111111111 ·- 1111111111 1111111111 1111111111.

- 1111111111. 1.-11,1111111111111.1111111.1111111111 Ι ¹
“ 1111· 111111..1.111111111111111. 1111 ...ι

41. -11 11131111. 11. 1111111θ1111111 111 · 11 11
1111 11111 1111111. 111111 1111. 111 - 111111111111.
11111111 1111 111111 11111 (1111111111. 11111, 111111) 111

. · 1111111111244. 11111 1111111111 1111111111. 11111111

mlum 6111111111 1111. 111111.. 111111111111111. 111. -’
11111111. 11111111 111 11111. 111 11111-, 1111. u. fflou·
1111111111111. 1111111111 11111. 6111111 111 1111.
1111 11 11111111. 1111 111111111111111111· 11111111.
11111111111111111 111111111111111111111 111, 121.ι
1111111111- &tenen 11 1. 111111 111 11111111 111·
1111111ὓ111111111111.111111 1111111111. 111111111111111.
11111111 11, 111. (1. 111111 111.) - 111111 111111 11111
1111. 1111 1. 1111111111 1111111111111111 1. 11111. 1, 411·

' 111 1111111111. - 11, 111. 11111111111111111111 481,

la 1611111111 (111111111111) 111Τ1111111111 11,·
m - 111 1111111111111 111 1111111111 111111 11111111
1., 111 11111111 11111111 11111111111111111, 11111
1111 11111 111 1. -111 111 1111111111111111111111 1111

1, 411. 11111 .111 (f. 6111. ὅ. 418.) 11, 41. 11111 *ung · ,

11111. 1111111111 111 1111111111 11111111 11111 111111 111
11111111 11111111. 214. 11111 1111 111 wig, 1111111 111111
1111111 11111111 111111 c· 111111 1111 111 1111. 61111 111 Ι
11111111 1111111111. 111. 3111111 11111 111111111. 11111

1111-11 11111111. 111 · 111 11111111. 111. 11111..

111

 

