ι jugum 199191. . 9999 ιιι 1999 19999 mum.
999 99119991. 1199999999 (91919.) 1992. , ⁴
1991199119 - 1399 9. 119919 99999 9999. 9999199999· ·

11199 99 11, 1219. ·- 9999 99911199 19, 259. 9991 9191991
9991999999. 19 9919199 9.- -99 9919199999 911, 27.
9991999999 91999 (9999991199) 911, 119.
, 1199999999 999 99999. 11919919, 999 1991919999
19999999 [19, 244] 9919. 9119999999 91999 h: ι 919 999
99991999 1999999999. 999 19, 249, 91999 91999199.
, 9...9ι99999 249. 9999991999911999999199. 1ι. 9ιι999ι.
9991999999 274. - 9911919911 99999 999 19999 9. 91999
· 1191199 ιι. fd). (991999 . . 919 919 111999 247. 19999 h. 999

= 991 919 1991919999.. 2819991 991. 99919.. 919
, 8999199999919999 11. 99199999 1. 1199111. 1ιι, 9999 99999199. „

99999. 9999. Vl, 18.

99919 19 9. 9919199. 991999 1, 199. 999 - ιι. vet· “
999991919995.

bota, V, 37 1991199 1399 99119191 11, 297. 999 9919

·.9ιι 1.999999999919.11999999 19911999 tc. 417. -991
’ 9191999. 9999919. 9991919919. 111,99.-9191919991199ι99
19, 79. 9ιι 99119919 19199999 ιιιι 91119. 39199999 91999 79.
1999 . 999 9. 911919 9999199. 99991999 97. 9999999999
. 919 &erm-11. 99111. 991 9999999999 91999911.1991119999
999· 91. 19911919 ι919 9919 - 1919 Polymnum Saturnium
99. 999 999919. 699999 9991 9191199919999991199 19 999
19999217. 99199999999119999 -ιιι9 1999 999 99911. 199119
1. 19991. 2111. -, 99991 9999999999 911, 254. 99999919
1. att. 6999111119 911 9. 999999 s. 19199999 99919999.
79. 19 9999 19199 9919991911191 919 [o 991. (99199. -919
991- 99199199 91999 9999 9199199 za, 99999 99991.
1191199999,99999199..919999ιιιιιι 1999 919919911999991
99991991199199 {laune 19, 291. ad 1911999.. .991ιί1199.
9,129. 1199 99999999 919 91919. ιι. (1199919999. ιι. 1999
&teum 999999 9 9 19199119 919 11, 992. 91991119.. .9ἰιι
599999 99991999- ιιι. 7119919711. 99999 9999119

 

