111  

, 11, 11. 11. 1111111111 111.1.1111.111.111.;- ἶ
«1-111111111111111356.369.. “ ’
11111111111111 (111. 1, 15111111, 3141. 1111111.)
1 11111111111531. vn, 161. 11111111, 1111 1111111111.
, 1,155. (166.)11111111611111111111111111111111.111ι ’ ’
1111. 151118. 1111. 1111. 113. 11111111111171. 1146
1111. 11111111 168. 11111 11111111. 111 1711171171
1111111111, 111111 111111. 11. 171. 11121111111121.
1111 111111111171. 1752 11111. 111111. 111 11111111. 1111
17124511. 1751-11 1111111111111 111 11111111. 111
-177, 147. 252 1. 111 111111 1111111 111111. 178. 2561
·Mwfflmfflwffifflm‹ ·
1751-151111111111111. 111 111111. 11 (11111111179
¹ -181151-111 11111111111121111. 1111111111111 ,
’ . 18111. 111· 111111111111111 183. 1111. 111111111111111. 186.
1155 111111 1161111111 181-1811191. 217-185. 17511
1111 111111 1111111181. 11111111. 1111111111. 1111. 11 ,
11111181281-181 - y Α
1756-511111111111 1111. 11111 111111, 111111, 1111. 11 ¹
111111. 1111 111111 1,191-199. 151111111751-111111,
,1158 111111111111111111 199-211. 111, 114. 3111111.
12911. 6111111219. 1151 1111111111 111 11111211, 155.
’ 1759 1111111111111111111.1111111111. 1, 211-11911171.
, -· 1159111111111111 1111 11111111. 11 1. 1111111 mutet
1,·119. 1111111 11111111 1111 1. 111. 3511. 161. 161. 182 ¹
111111 111 11111. 491. 111111 11111, 1111111111 111111 1
111, 1911. 71. 1111111111, 111111 111111 1111111111
1111111111 1, 1161 · 1
1711 11111111. 1111111 1111111 11 11111111 11111111 Ῐ
, 1111116111111111111111111111111111,18411111111 ”
1111 1111 3111111 189. 111111 11111111 1111111111. 26111111·
111111111111111111·1111111111111111111364. 1111111
11 11111211. 1714 11111111 116. 211 115. 1111111111 1
111111. 11111111111111111 1111 111, 111, 1111.

. 11111764. 1111. 1111 111. 111, 228. 1111111111111111

 

