, 1
111111- 11111111 tei 111. prm 11111
11. 1111111111 11111811. ·

1111111111, 1111111111.11111111111111111111111111.

Ι11111111ῐὸ11 11121111) 11111111. 111111. 117. 11128.
va. 111, .

1111111111 1111111111111111.- 11111111111111611111
1111111111 111411. x

1111111111 111, 28. 11116111. 8111111111 6111. ”

11111111111111, 11. .- 1111111111111111. 11
1111111 818. 111111111111111 11111111 1111224.

,1111111111 111, 11. 7118194. 11111111111111111111·
111 11111111111111111 1. 111111. 1,. 111111. 111111. 111211.-
11111111111131111. 216. 11 1. 61111111 111 11111111
111 111111. 1111111111 216. 1111. 1111111, 11111111111111. - .
1. 61. W, 88. 1111111111111111111112.11111] 1111·
11111 11111111. 11111111111111111111111. 1111111111 11 ,
111111 111111 11111. 1111861. 1111 11111111 (1111111111
11 1. 111188. - 111111. 1111111111). 111111111 11,11. 111 “
11111111111111 1111 111111 1111111 18. 111 11111 1111111.
11 1. 1111. 111111. 1111111111 111. 111 1111111 1111 11111.
11111111 11111111 1111111111 111111111 81. 11111 1111111
6111. 111 1111111111 1111111111. 11, 111 11 1. 11111. 61111
1111111114. Medius terminus 111 11111111. 111 111111
1111111 [Vllum] 111111 61111111. 111 11111111 11112111.
1111111111 111 111111 411. 111111, 111] 111 1111111111.
611111111111111111 111, 81. 1111111 11111111 11111·
111111 111 61111111. 111 1111111 411. 1111111111 11161111 .
1111 111111114111111111111 1111 1116111111 128. 111
11111 1111111111 111 6111111ὓ111111 111 γὰρ 1111111
μω. 11111811. 11. 1. 11111. 311111 111 11111111. 118.
111111 111 1111 11111 1111111111111111118111. 1111. 111111
1111. 111111, 61. - 811111. 1111111 11 1111111111.
inf· 11111111 8111111111.1,1,11. 1111. 1111111111·

1111 · 111, m 111 111. · 1118.

 

