⁶15 .

110 11111111. 01111111 111 1111180. 11111111111111 11 1. ¹

.111111..·180. -e 111 1111111111 111110111111111111 111 .

11111111111111111111111111111 11111111 11111 - 11. 1. A

111111 vn, 111. 111101 1, 11111. 111111. 111111 1. eunuc x
11111111, 111 11 ·11,181. 511. 111 111111 1111111111 ·

61111111 1111111111111111011111111.11.11. 1011. 11 ’11111 ’,
1111 - 1., 111111 - 1111 011111 510. 111-11111111.

11.1ι11111.111111110,111111-0111.111111111111111. ,
1111 1. 1111 vu, 10. 1111 - 11111 1. 1111 111 111111 111 ,

’ 1111111. 1111111. (1.11110,111.,1- 11111111, “
1111111111 0111111 11,180. 111. 11. 1111111111111111 111 “
111111. 10,110. 11111111 111 111 1111. 111111 1111111
11111 11111 1111111111 11111111 11. 1, 10. “

1111111111 111111. 1. 1111111111110, 111. 0111110111
111111 111111-,01 151111111111111111.’111111,·111ι ,
1111111. 1111101111 11111111 Vll, 01.
. 1111111101,1’1.011,8. ’ -

11111111 111 1111 11111111. 10, 50. ·111 11111111. 118.
111111111131111111011,11. 1 11111111. 111 11111 11.
§mmmm 111 ,

11111111111·.1111.11.11,101.- 1111111011101

1111 111111111111111. 11111111 1111 1. 1111111111

·‚11 111. 1 11111111111111111111111111111111 ,
1111111111111111,10. 111111111111111110111 11. 111,
1111111111111111111111111111011,18.1111111111·
11111111,1111

111111111111111,1011.

1111111111 111 11111111 111 1. 1111111111 1111111 1, 100.

1111111111111 1111111111 111 111 111111. 11111101.

1111111111 611 11.11101111101111111,100. 11111, .
1111111111.61111111.’1.οι1,111.., ν

, 111111111- -11111111 11111111 1111 0111.11..01, 01 .

1111111111. 1111111111 111, 111.

11111111111111- 11111111 111· 11,111. - 111111

111111 111 111 11111111 1111111111 11811111111 11111 11

 

