888 888 8888888888 ze. nemin 88888 88811, 88- 888

, 8881888888 88888888888888888888888 8888 18488, 8888888

888888 8888 ’8. 888 8888888 8. 888, 8888888 lv, 184. -

8888888 888 888, 8888· ·

8888888888 -· 888 8888 888 88888. 888 8888888 8888

88 888 888 - 8888888888 888 888 88 8888 8888888. 888888.

88888 88 88888. 888888 8888888 88111, 8888.-

, 8888888888 8888888888888 88888 8888188888 81812.
1888818811, 248 8888888888888888811818.
8888888 (888 8888888888) ),11 488.

Pantagruol lV, (15².) 8888888888888888 Panto.-

gruolino 15³.
8888888888. (8888888. -888888888 8888888888888811, 184

8888888818 - 888188 .-888 (888388888888888.) 11, 88.

8888888888- 8 88888888 88888 8888 88 8 888888 lv, 42.

88888888 lv, 88. , .

8888888888 888 8888 tax 88888. 88888 888888 8888 8888888 88
88888 8888888, 8888888. 888 8888881 88. 1,818.8

8888888 - 888 8188888888 888 8888888888 88888 88) 88888 ¹
88 8888888 ἡ18228. 888 8888888888. 8888 8888- 8818888
8888 8888888, 88888 8888888 88888888. 888 888. 88888 8888
, 888888 418. 8888888888. 888· 488 8. 8888 488888 888

’ 88888888. 8888. 888888 888 - 88888 8. 88888 4848. 888 888
88888. 88888. 888888 8888 888881. 818888 888. -8888888 8888 884.

8888888888 - 888 888 - 88888888. 81888. lv, 881.

88888888 - 8888 8. 8888888 88888 8888. 888888 88888, , .

V 88888888 8888, 8888888, 88888 8. 888888888888888 88 88888
ι - l, 488. 8888 88888 888 - 888 8888. 888 888 8888888888·
8888 8. 888888. 8. 8. 1888888 88888888 888888 11, 81.- (888

vluna.) 8888888888 tr παραβολῇ 8888888888 (8. 888888.)
888. 88888 - 888 8888 88888888888888 8888888888 8888888888
888 8888888. 888 88888 88 88888. 818 8888888 88888 8888
8888888888, 88888888888888 8888 8888888888εὲ 888 -
88888888 8888 8. 888888. 8. 888. lll, m 888 8888888888
8888 ι 8. 88888 888 88888. 81, 28.

 

