261 “

66661661.·161.6666161661616611,466. 61666. ’
66666616 6166661616 111616 486. 1111. 6661161161. 666·
6661611. 61616141. bet 6161116666 466. qua nihil apud

. ι666666 666666 61666· erud. p=dtut 6666 1666166116, ,

(1661616141. , Ι
616611 066616. 6666. 111, 46. (261) 11 511 m ,

“ 16166666 v1, 666,

1666166661. 36116116- 6611611. 26166616. ‚

sssann ⁴-1 6666116 1616 116 11616666. · 1, 646. ·

666661616116 1. 6611666616 6611166, (6666166) 11, 664.1 ,
6616 16 · 16 6. 6166. 6166 611 161611 16666 66611661, 66.’ “
66116611 1. 66116. uus 616 wa 16161 qe!- 26661666

11, 42. 611- bet 66166616. u. 6166116166 116 bem 616 ’ ,

§amur 666 6161616 6 6661611666 466.· -eu 6666616616
116162. 66616116.-11,16 16666161611166 2661166166
61. 61616661611111·6611,42’. ¹

¹ = 661666-16116161 1616626616666611. 6161666

,166616666166616661611666666. 1661.16.11,662,
666 661666 16166 6616666 6661116 Vll, 666. 1116161661 61666
6666116 616 6616166116. IV, 108. 1166666666 66 ipson 66’
61666666616616. [1031 6661166 81161116 166.
666661666666 Lyeurgue 11, 661. 6116616. 41166
646166666616661116 61116 weng 16 6611 6161 -mo 616166
lV, 246. 616· -6611 stylus atrox 6611. 416616661666456
6166661666 -66 61661166. 616 61616666 61666666. 6.
6666161611, 66. 16166166116666611116422.Ι
aneta 66, 616 .
La 1166661666 616616 61616 16 bie 1116661661161111 ¹ ’
, 6666616166666616666.6666661.11,16. 6661666
21661616 16121 661. ist 61116. 16 6166666616111 16 616
, 66616166611616 616 66661. 66666661116666166611. 116161.
. 616661 6116 1666661.- 6. 6. 61666. 266616 11246. 6144.
6661, 6166161 1, 6,- 6616 6. 61616616 616444.

 

