V m
.

111111111111-11111111111 in 111. 1111111111 111
1111 · 11, 118. '

1111111111. 1111111111, 11, 11. 11 14. (411.)
1111111111 · 11,115.
, 11111111 111111 111 1. 11111111 1. &treuge 11111 1111.

, 111, 118. 111 · 111111 &ie 11 1. 1111111111 mann 111 ,
1111 111 111111. ae. 111. - 1111111111, 111.

111111 1ιι 111 1111 1111111 ιι. 111111 1111111111 11, 181.
111. 11111111 1. 111111 111 111-111. 11111111 ιι.
mettum 11. 11111 matum 111 · 1111111111 1111111111 ιι.

ι 1111111 11111. 111 111. 1111. 11111111 111411. 111111. 111111.

111111, 1111111. 111111, vom 1111111111 111 · ausge-
111111 lv, 111. 1111. ιι. 1. rm. - 6111. 111111 111..

s 1111111 111111111111111111111 1. 1111111. 111 1111111

· 11111,- 1111111 111 mein. 111 111111 1111111111 11, 41 --
11111111. 111 11. gruum 1111111111 11181. (mm. 11111

1111111111 -111- 1111111. 111 111111. 111 1111111111
“ 111111111111. 1111. 1111111111 e. -111 11, 11.
111. 111 1111111. 111 111111 -111111 11, 1118. 1111111111
111 -1111111 111111 1111111. 111115. 1111111111. -11111111
1111111 111 111111111111111.) Vn, 111.

· 1111111111 1111111111 11, 111.

’ 1111111111- 1111111 ιιι 111 1111111 1. 1111111· 11,
114. [4111471. (115..) 1111111111119111 1111111111
·ι 1. 11111 111111 1. 1111111 1111111111. 1111 11 11111.
ίιιι 611111 1. 11111. 111 111111 61111111. 1111111- 1111111

, 111 111 - 1ιι 1. 611111 11111, 111ι 11111111 11111. 111 fle

1. 111111111111111111 11111111 111111 111111 1. 1111111

111111 11, 181. ’111 11111111 111 1111111111111111111111111
111111.-111,411· 11,811111ιι111ιιιιιιιε111111θ111ιι
111111111111111111111.111111111111.81.11111111.
1111111111. 611111111111111 111-ιι. 111111. 11111
1· 11111111 111111 1111111111 141. 111ω11111,1οι’111
qu’un 1111111,11111 11111 do la voille. 111.

 

