J 111

9111111 u· i· Β. 1111. ο, 1111111111 1. 11, 888. · 11111.
1111 111. 1111111111 11161111111111 111 1111111 3111· ,
’ 111111. 11. 411111. 3111111 11111111 111 1111111111. · 11111·
1111..441.11111111111111111111111· ’ ’ ¹
3111111 -11111 111 111111 1111111 11111111 1111111111

-1,1811. 1111. 11111111Θ111111.1111111111·1· 111111· ’ ”

11111111 1111411. r 111 1111. 11111111111116111111111
11. 1111111111 11, 15. 1111111111 1111161111111 111 1.
1111111111. -111111 111 111111111111.31111 1111111111
11111111111111111111111 . . 1111111. 11 11 1. 111111.
1111 1111111111. 1. 1111111111. 11111111. 1111111 441. 1111 111111
..11111 1111 111- 1111111111111 1111 111,111. 1111111111

1 111 1111111111 - 111 1. 11111111, 11· 111111. 1111 1. -11111

11111 1. 111111, 1111111111 11111 1114. -111111111, 1111111111.
111111. 111111. 11111111. 11111. 111 111111 boum 1111111111
11111 1111111111111 111 - 111111111111151. 111 1111.
1111.. 1111 1111111111111 111 1111 J. opt. max. 111111. ·
zt- v1‚8. 11. 9. · 111111 summu· 1111111. 11111. 11111111.
121111, 14. 1111111111111. bere. 111111 111111111111
1. 1111111111 1111111 11, 111. ’
111 nummum 111 1111111111 6111111111 11, 111.

3111111111 (111111111111111111.) 11,.11111. .
311111 111, 11. .

1111111 11111 111 1111111111 1111111111 11
1111111111. 1111111111 11, 111. (11111). 111111 1111111111
’ -111, 1111111 111 1. -1131111111111111,11.1111,124.
vab. 11 1111111111. 11111 111. πρότ. 1,141. 111111.
ι11111111 1111111 111 1111111. θ1. 311. mmet ·· Vl, 111.
11. 1. 11111111 1111, ’111, &ouant 1. 111 11. 111, 111. 1--

' 1111111111111111111 11,·115. 111. 6111111111 1111. &vect

111 1. 1111111111 11111. 1111 61111111111111 11111 111
,3111111111 11110111111111111111111111 111. 1111111111
6111111. 111, 111. 111111111111111111111 111. mugiat

 

