111·ι
’ Ι61111111111111111111111111111111 11111. 8111. 11111111 1111

⁴ 11111. 11398 11111111 111 111, 111.·

11111111, 111111 11, 411.

1111111,1111111111 111311111111111. 6111111111 111
1111.1,113.211.11,11.11111111.1811111111111111111
111111 11111 11. 111, 1118. 1. 6111111. 1111111111ῢ1111111

1111111· ¹²⁸⁰· 111111111111111. [11111] · ’

, ..11111111- 1111 11111111 111 1111 11111 1. 1111111111 111111

, 11. .. 3111 11111111 111111 1111 1111111111 ll, 11. .,
1111111 1. 1111111114111. .

ἢ· 1111111111 6111111 11111111. 1111111111 1, 4141111111·
1111111111. g'alanthommes 11111 1111111111 -11111, 111111. 41111
111. 411. 11111. 11 111111 1111 - 1111, 1. 1111. 1111111111
1111111 1. 411. 11111. 111-1111 1111. 1111111111. ’111
- 1111111 11. 1111 1111111111 &memet 11, 22. 1111, 34.
111111 61111111111111111111 Db: 111 3111111118. 111
1111111111111111. 111 111. 81113. 1., 111111 11111111

11 1111111111. 1111111111111 8118. 11111111111111111111. ,
¹ “ 11111 111111. 3114. 1111.1111,134.1 1111111111111111.

«11111. 1111 1111111111 3111111 11111111 11111115. 111 111111
ι -11111111161111111111111111 11111111111111ὓ111111111
1111 1111111 11 111 1 1111111111. 11111111 111111111111111.
’111111 1 111111 11111113 111111111111 1111111. .111111111
Α 1111111111 11111111 1111111111.11.1111111111111111 [1,
11111111118.-111111111111111111 1111 1111111111

” 111. 1111111111111111111111111111,1. 1111111111 11111111 ,

’ 1111111111. 1111. 111. 1.11 118.1111111111111111111111

1111111111 1, 448 1111111111111116111111111111111 1111
111811111111.1,.181 111 11111111 met. 1111111111 ·.
11114.1111111811111111111111114111111411.)11111.

. 1131.61111111111111111111.11,119.181.11111 . “

,11. 111 1111111111. 11. 1, [111.] 81. 1111111111 111111111-
111 [11111311] 111111. 1111111 111111111111111111111111111.
τι 11. 11. (1111111111. 11. 111 1111111111 ,111. ’ ,
zon 1111 -111111111, 111 11111111 11111. 1111111111 ·

 

