17² ,
99999 99999. 999991. 999. ze„ (9999999999939999999.)

’ 212-244. 9999999999 99999. 999. 9. 9999999999. 9899.

9999999. lv, 1'10. 9999999. un 9. 9. unm. - 3¹¹ 999..
99999 999. 999. 999 99999. 99999. 9. 9999999999 8¹1 9.
m). 1, 218. 289. im 9999999 9999999. 99 jem (9999
9999 - 999999. sc. 219.

-999 9. 99999 999 999 999. 999. 1, 99. 999 9999999999. ,
99 9999999 gu 99999 9. 9999999999 matoes. 999. 99.

9999999 999 999. &flingen 99999 &aran 9. 99. 99999 ,

69919999 999. -9 9999. 199. -999999999 999 999 99 9. 9199.
99 9. 69999 9. 118. . 9999 sagr: 99 99999 999 98999
199. ·me1d)et 999 gange 999999 99 9. 9999 99999, 99999 999

“ SR. 99 9. 999999. 9399991911. 999 99999. niem. 99 999

999 -, gicht e. 9999999. 9999 99, 9. gange 999. 9. vingt
141. 999 999999. 99999. 999 9. - 99 9. &thule 999999
ner aum. . 99 99 99999999 9. [nugs. . 9. 198. 999999·
999, 999. mie 9. 99999999 999 999 tehen 9999, 99 ·
eigen . . 158. - 9999 99999 9. 3999 999 99999 298. 999
gange 999999 999999 99999. Ι999 999 meg. -9 99 99999999.
99 {thren l, 228. 999 999999. 9999. mit 9999999999 99 -
ε. augmentatur 9999 998 e. 9999. 9. {Rege 99. 999999
999 9999 99 9. 9999. fiir 999. 9999. 99999999 ac. 9119.
-999 91199. 9999913999. im (99. 9. 999.. 99999 99599999
beat 999 999. munte 999999 999 9998999999 99999
9. 99999 -8 W, 29. 99 99999. -9 99 anes 9999 9. 9998
nidus 111, 1472
- 9999 999 in asse 99. 9999. 9995 9. 99999 998 9. 999.

99999 in bie 99999 1, 74 9. 98 9999 - 999. 999 998
99999 999. 999. 999999 9. 99999999. 3²¹ teg. 11,28. 999
&estat . . 999999 999 · ber 999999 9999 999 9999 999
su teg. 9999999 9999. τις. 9999 lv, 29 9. bet 9999 99999·
mille · 9999 99199 9999999999 9. 9999. 9. 9999122. 999999.
99 9999 999999. 9999999999 ale 999 999 999. au 9999999
§umbe 9. 999 999 9. 919919. -999 9999 9999999 999

9. 989999 99 9. 99999 999999 1, 82 - 99 9999999 9.

 

