, 161

“ 11111111 111 11111111 11111 1111. 111, 128. 111135.
1111111111 3111111 lv, 1111.

&iguem 111111. 1. 11111. V, 611.

1111111111 (11,13.) vlu, 311.

glans regia 111, 214. w,' 28.

² (111111 ι. 5111111 111. 11111111 111 11111111
1111 11 1.- 11111 8⁰. 111 11111 111 111111 11111- 11111

ι . 11111111111111111. 11 1. 11 1111111 111111 111 -1111

· 1111111115. 111 111111. ι. - 1111. 111. 11111111.

1111111 111 1. 1111. 1111111). 1111111111. 1111· '

1. mit 1111111. 61111. 1. 1. 1111. 1111 11111. 121. 111
611111. 111 - 11111111116111111 11116. 1211111
- 1111111111 11111 1211. 11 111. - 111 111111 111111.
1111. 111111. 136. 1111111 111 111111 111 11111111
-119, 1111111111 111 11 1111- 11 3. 1. 111. 111111
11 111. 218. 111111 - 11111111 111 11111111111111111111.
Suq. 11111 11111 111 1. 1111111 111 11111111111111111.
1111111111 219. 1111111-,111111 111 1. (1111111111
111 11111111111111 ι. 111. 11. 2111. 111- 111111 1. 11111
1111111111 1. 11111111 311. uus. 111, 11 1111 1. 111111·
111 ιι. 1111111111. m. 1111. 111111 11111. 111 111
1111111111 - 11111 1. 111111 2211. 111 611111 1. 11111·
1111 111- 11 1. 1111111111 1111 1. 11111 1111111. 211.
1111111111 11 1. 1311 gestat 111 1111111111
1111111111111111111, 1111. nrt 11111- [341. 1111] 111
11111 id) 1111 111111-1111111113115. 11113 111 11 -
gem.. 1111111 (11111 1941111 1111111 111 -1111111
1111 ..111111 11 1. 111111111111111111111111111.111ιιιιι
11111111 111. [4111. 443. 11111 111. lv, 21] 1111
111111 - 111111 1111 ιι 1. &y 11111 ιι. 1111, 1111 ιιι.

1111111 111. eigen 111111. 1111 ιι 11111 111. &iuge 1111.
442 111111 ιι. 11111111 111111 1111111. 1111, 111 11111
1111111111. 1. (1111111111 uns. - 421. 111 1111. 111111
-111 111 11 1111111111. ιι. &inuh 1111111111 11111111
1111111 1111111 ..11111111 1111111111 1111111. 4211.

 

