1144 ’

4
ιν, 444. 4444444444 6414444444444 444 414444 , N
' 11,,6141ἓ4144444, 4444, 6114411144, 444 44441444 64444414 111,
v 99114141111411ἓ bum? 141 - 1, 19111.. 444 4414444414
4444414.- 44414 1444144 9444444464. 44444 61444444 in

· 111, 616. - 6114144444 44411444 [- 6114444444 ,41414414

’1,46. ·4141444414444441. 4449444444. (444 414444· , ’

4414414) 4444414444 46. 111464 411444 4444446444 - 46. 414 ’
· 44ης 444 144441, 1414 4444141 444 61444444 444 61144 .
11444444 44 6114441444 48. 1144444464 444 -146 - 41
444 91444 4111, 211 f. 41444] - 44 44 444 4 444444. JV,
164. 414 4441144444 64141. (16444444) 1, 169. 41444444 444
4. 64414444 914444 114 4. 44441444 &vn 11, 126. §Bora
1411441 4111114 to 444 4. 644146· lo 11441114 1111414111
aime 14 pronone. contracte 1159. bie 4θ41. 4441444411
14444 641444. 4441464441444111, 644 444444444444 <⁸32-

“ 4444444444.64464446141115.4441.61414444111,16. ,

164. 4. 44411644411444464 41444 41444 44444. 44444 §tofi
ι 4416444466. 4441. zon (14 444 4414144) 98. ’11444444

1111411441 11, 362. Marino 44414144 1169. 1114141144 4⁰⁷.

41141. 4444614414 118133. - Anglicinms 41114411 11361.

911141 4414444 [iit 414 63444. 14441 16444. l, 6. v

“ 644144 4444144 4414 414444 4444444444 11, 146. 64144 ’ .

411 · · 9414146144 · 4411. Ennii stercus vu, 215.

11114 entium 11, 199. 194. Vl, 19. -· Ειιι rationi· ,

⁴ 111. 19. 4444414444 441 4411444114411611,8.
6444144414 444 64414 lv, 44. x

· 6464444644 - 414 44444444 · 4411 444 64444 644144
4144, 4444144444 4444 64141444 1,491. 44414444.- in 444
1444444 411444 414444 u. 9444444444 11, 84. menn 414 Qu·
444444 4144644414 44. 1, 666. - 4414444141 4464441444

4441141111. mahnaim-172. - 61444444644111. ,

, 6441441 in 4. 46644414 11, 161.

 

