Ν ξ444 <

·' 44444444111144111444444114111114411. “ .
1144414414 11, 444444. 4411441. 414 ’4444 111414. 441
411. 444 4. · 444 4414444141244. 4. 44444 4114444441

1444-444414411 441 4. 44144 - 414441 111, 444. --14414
4. 64441.) 411, 14. 44441441444 144441. 414441441411,

. 1141. 441. 114444111144114441-4441.44444144111,124 ‘

ε’1111111δο1 1444441441444444141211. · -

’ ,444444 (4 4444) 4, 444. u. 4. 444444.

4144144414. 4444144144 4441441 4. 11144. 41141. 11,
12⁵. 1114144444 - 14144111414441, 44114144.1144.41141
,3411444141 1111, 14. .

411444 -- mitten 144114444444144141414444. 1414 14

“ ‚seue - 44. 111, 411. 1844441441, 414 44141444 144 4114444

141 1144411 44. 14414144444411 44 1. 428. 41444 Costa,
14 4414 1. 4411144411444444 4414414114141414144. Vl, 41.
111444 14441144 1. 4114444 4144 ze. 444.

’ 4114444144, 14 444 11444 11441144.141144444 4411444144 ’

4144144144 11,· 144. 444 44444 -444144414 444. .,· ·.

· 4414411144 4444144114 44. 441. 41441414 4. 4114441 4441144

441. 411 - 44. 111, 941. 41441114 44. 1. 1444441144.
44444444 4441444 (11, 44.) ’ ·

414144 - 14 414 4141 441. 44 4. 44. 44. 14444 14 41 ,.,

1444, 14 14 41 414 144441 14441 11444141,484.-414.

“ 144 14 4. 144444 4144, 1. 1114414141 144. 444 4. 44444.
· 14 44444 444414 411 444 4414111444 41444114 41. 644414 ’

41444. 4444 4. - 444 4114414444 1444 4111, 4444 14144 4.
411. 44. 111, 114. 41411444 4414 4441114444 · 44441141. -

44444414411,144.(4444414444114144441444144144 5 1

14 414 Regale 441 1444444 - 144 414 414441. 4414. ,.

4411 4414444144 441444 44. 4414111, 241. - 1. 11444

4141414444 -4 44. 14 4414444414, 44. “- 4. 44144 14 -

41444. 14 444444414441411 4. 4141414444 444 4411111114. .

1411 4444114441 14 44 1, 1441-111414414444 Ν, 124. s
41141444. 444 4411 444 4444444 141444 41441 44144411

441 1,44. . ’ · ’

 

