μ Ἦ ’

99111911 · (911199 91911. 111119111111119) 111141. ,
snm 9111111911 - 81991111 1111811 111, 169. 9119111119
¹ 911 11111911911111111111119911118911. 91111119 111111.
1811 in 1911 1911111191 - 1111111191919111111111191999

· 1111111 11119111 191499-111111191 91111119 1111 111
ι 9119111111119 1191111181 991. 119 111111 1911111 119111

9919 1111111 8111911 11111912
Γ 91111 1119 91111 1111111911 199 91111 911, 99.
119111119199111118911 11, 215.

1111199 - 911 81111 91119 91198111. im 191 111111 “

1111191 111920. 9119111111 11191111111111111111118111191
119 1111188111 1111911 91118 9119119111 111818111811.99 .
1111111911, 91. . ‘.
91911191 111 ιιιιιι 9111 118111 119 ιιιιιι 1119 19, 28.
ι 1111111191 91911111 11911 9189118111 1111111191991ι’
1 111 11, 82 1181 8111119 9181811119 9911191111 911. ,9111 ·
'bwmww,ss ,
911811 -1ιιι 89 1811111 911911· 11189111919.
, 9111111111- 8191191811- (11111) 11111191, 1111111911 ,
9191111911 99111191811111819119111 1. 919911 Ι, 1189.
99111111811111119 11. 1119 81199 9111 9-1ιι 1111191911,

191.11ιι1ιι119181111.1.9181999111119ι1111111ι-811 “

, 81119111,911119111118111181 191111 111188191111111111
911119 9 212. 9119191199 81911 1111 911· ιιι 911· ·
91891119 (9. 9191119111, 11.) 911, 191. ,· 811111 ι.

91191. 198111. 9119111811 9991111 91911118 1111911 1 ι

111111911119118 91119911- (9191118111) 911111 91111 911ι
1118191.ι1.1111111,198.-9111911111 91191191 911
1191111111 9111 11111111 1111 1111811 119 911119, 218.
11181111111191 111111111911119,119.111111.91199191111.911

ssmnwumwm mmm.m -

91111111111191191191111119.119119. 9119919
111 911111 19119119.- 1191911111. 91911111 11119111
111111. 911, 56.- 1111111119. 9111111111991191, 99. 911, 4.

11989111- -1111111 9111111811 119 111191 1111191119111
111111111191111.11..1 Ἰ 1 · Ι

 

