'K

93 ’
11111111111111111111111, 1111 1111111 1111111111

111111. 111 6111 111111 11111183. 11111111·11111111 ·

11111111. 111 111111. 1111111111149. 11111111111111111
111 111-111 11111111111111111185. - 1111111111111 11 ’
· 11111111 111 111111 11, 441. ί,11111111 11111 61111111 1111
1111 1111111 11111 1111.1]11111111111111111 11111111. 11111
{minimum Vl, 258.

11111111 1111, (1111. 111111.) 11111 111 111111. 1111111 '
1111111. lv, 111. 1111111111111. 11111 1111 111 1111111111
11111111111128. 1 .

111111-1111111111 111 111111111111111111111281.

1111, 11111111 1111111. 1111111111 14.

11111111, 11111111 1111111 11, 91. “

111111, 1111111111, 11 11111111 1111111. 1, 1111. 1111111.
- 1111 11 111 111111 1111 1111111 1111111. 11111. 116. -·
11111111111111 1111111111 111111 11111 111111111111.11,
1111. 11111111. -111111111111 1111111111, 35. “

1111111 11111. 1111 111 11111111 111111. 111111111111111
1111 1111111113.111111111111 1. qualitas 1111111 11- . .

111111111111111 1111111111111,41, - 1111111111Ι 11, . '

144 f. - 11111111 1111111 111111 1111111 11111111111,
2111111111. - 1111111111 111 11111. 111111111111.
1111111111. 11111111111.11,1111.- 11111 111 1111

’1111111 111111111111111. 11111111 11111111 1111 111 11 ’

111 11 111111 11111111111111 111 1111111111 1111111

111111. 1, 471. 111111111111111 11111111 111111 111 1

11111 111 11111. 111 1111111 1111111 11 11. 411. 1111111111
111111111111111. 11111 11111 1111 111111 11111 1111
111). - 111111 1111 1111111111111,17. 111111. ·31.’
111111111111111.11111111111111 1111111111 18.
1111 -1111111111 111 11111 11 1111 11111111 1111-
1111111111111111, 1111, 1111111111 11111111118111113.
111111111111- &dnttmsniel 1111111. · 11111 1161111111
11. 1114. 11111111. 111. 1111111 11111 11111. 111 111.
11111111- 111 11111111111111 11211. 11 11111111111111111

 

