1 (0000000111,100.,010001100-1; 000000οιιο01οι0ιῇ Ι
Ι ’ 30000. 0001000000 210. -0 000000 000 00000 0000000

ιιι( 01οι0000. 204. 020. 00000 000000100001000 M ιιι “
Apollonium 2111100111, 181. 1001010 comp 000 w· s
000 0.·00000. 102 ἱ0000000, 000 0. 200. 00000200. “
-0 000000 00000 202. 00010, 201. 256. b. 10000 4

0. 000000 0000001000 ιιι 01, 02. 0000000 0000000. ’

000 00001ιο 00000, 0ιο.οῶ 100 0. 00000 0100100 00 0000.
0000 201. 000000200ιο 26. 010002000οι0. 6000222. 221.
0010000111οι 00010002 205. 205.010.1111000000011,122. ‚
00000. 246 0. 10 10000000 010’00100100οιιιιι.00. 200.

20010. 00000001200010000 1200. 1, 401.1 010 ’0010000
6010000. 000 0100 0000010. 010. 1202. 11,422. cing. 0001.
200001000000200. 0010001202. 111, 129 0. 212. 00010.

, 0000 0ιο 0. 00000 ιιι ιιι 00000. 000. 1000 (00

, 000 0000(Ῐο 000.) 222. (001. 1080.) 000οι0. 00001100 212. ,

' Δ21000. 00. 000 0100001 000 0000000 ι. 00000. 1264· 000.

1111, 2600. - 0011100000100001000. 1201. 01, (101.
102. 121.) 1200. 101. 1020105. 00000. 0000 100 0.
1000. 100. 001. 000. 000. 0000. (ιιι 00000 0000
000000. 00000. 221) 0001000010200000000000 ’
’00 0000010 0 ι.- 01001. 226. 00001 ιιι 00 000000 011, .

’ , 140. 000. 01, 420. (0 0.( 000 0201010. 0111, 200.) 000ιο

000. 21000. 00 010100 0000100000 00 000 0000000. ιι.

’ 000010. ’000 ι. 01001. 00100 0000000 ιι. 52 00010011 000

Gt. 0. 0 00. 2400. 01000. 00000 004. 064. 00010 un
000. 220. 0000 00000 10100. 244. 2100000 000 00. 000
010201οι 202206. 210. 210 f· 222. 222. 0. 000000

0.ιο0. ιιι er ι. ιιι. 0000. ι. ιι. 000 000 00000. ιι ’

0000. 0000 20100 0000, 010 00100000. 0. 00000 ιι 000 0.

· ιι 000100 000. 00ιί0 000000. 0000 10 00000 -0 0102000
. ιιι. 01000 ³65.- 2000010 000 0100010 202- Ριοέ

1030100000 000. 000. 101101. 10100000. 20. 1782. 244. 200.
,(000οι100 244.), -11001 000 00000. 2001, 0000. 0
,00000050 aaut 110. 0000. 0οι0000 20 00. 000. 20000 011, ,

ιι*

 

