1

¹ 144· ,

499 444 949 . 1149 4411 41444 4444949411. 19414149. 44994. “.
4891. 914 949944 949·44411449149 14 ein 4411194411.
9144419441114941444444 44144994941144 9411914. 499. 41.
4444 - 4144 9144411414 44449444 949 - 944 4144 9914. ,
444 1941119 444 1949499494 491. 44414 -o 14941444 9419

1114 941494499444 4.·91911444444144 1194.. 9419 194 11914944 ’

441 444411491114944 444 4149944 (489.) 491. bie gr, ‚3 - ³

4144944 4144 4444444499 2· 994 949 4. 149444 4414411114 ’·

4414 44119144 499. 11491994. 949 941419. - 4419 bem 44444.
9449. 9411941. 494. 9441949444 949 - 4. 941441. 499.
· 949 411441. 44. 444119. - 44449 4144 44441114 1194194 4449414414
414 49494. 91411494. 914 41444194 9199. 4441444941 949·
494. 949 - 149494. 449.944914144199 44449444 (419944 94·
, 141441.) 449 4419 9. Del 41444 944449. 944. 944 9144 944

944499. 41419141444941. 94994949 949· 44444 49 44411· -

9419 111, 44149 4414949999. 91441499 949· 944111 94449. 9414
- 9949449949114. au 44411. 919. · 119 4. 9444449444 u. 9.
9411444. 414 944444444941.. 111, 114. ’99144444 41449

homme 41444419, 91199141. 949 · [368. 94499] 144 grap· ’

91114444 4144916414 44 nont-ils 444 4441114444 quo
94494 14 44494444 11444 imitation servile 49 44444144
’ vul, 199. 911449 411949 4414 91419 49 lv, 999. 44194
9114919444 949 -4 11949414 194444 949 - 414149 441. [499.
914111 949 · 944 149414 944 44441419. 414 99411411. 111 (4.

1444944) 4444494419 94. 494 gt. 4194494 -9 19441444 emi· ’

94444. 1444444 14444944 914114 11941194 4. 914144 944. 4. 444
1194. 34444 9114. 949 491141. -0 949 4449. . 9111, 919.
94111944 91449. 4. 9. 944 99419. 449 914 9119. 949 411941.
ῠ411149 ib. 8446444196 du (14414 (114841.114Ρ.)1113.
44 (19414 1444914114 114 14 44444 444. 195.

944 9494499144 41449 - 44149 4414 44449941. 4. 4. 911914· ’
94444141 44119419. 1914944 9441. 11, 999. 944 4444499444
941 949 99411144 1994991141114411949 44941.. 44. 14 44411.
4144444144.ι 11, 144. 44444444 ..114444444444
414 04949444 .·. 1144 (11. 1194149444.. d’un G. Διί·

1111

 

