441 ,

- 4. 141 114441. 1. 4411111. 141. 14 44441111. 1141. 111.
114 411441 441 - 14 144444, 44141411 114 14114144411441.
1414411 1444111414. 1. 114414 44... 141 144 411. 14411444
- 14 1441141441141144441.111 1141. 1444 61114441,·41444
44441414. 1114444 4411 1. 11441 14 1411144 11, 211. . 11
41411 414 -144141144 1441. 144141. 114 4144 1411 141444
111 1411111144. 44441141 14144 -111414 1. 3444 1144
4441 444411. 44144. 1444 44144141 444 441. 1141414
- 44444 14. 144. 144 11414411. 4444411414. 11141111- 1441.
414 114141 1111144411 1411141. 1141414414145. 444141. 144,
ι 411441. - 44141144·11444444.1144 114 4441 44414145. ·
114 6411411111. - 114 11441. 1144444114 gebenn 11411144
1441111. (141114411141441111, 11. 114411. -1 (1111441.
144.) 114. 1411141. -1144144441444 444144 111 Sot-
1144 414 1141144414 Vlll, ³54. 14 bonDiou qui n’eno.
fait querito 197. ¹
444444 1441111141. 4444 4411 141-141 1111114 1141444
11114 111411 441 1141444 11414. 1. 111114 1141111 4. 11114,
mmmmwmmwmmffi
- 114411.1411141141144.14 14411. 444141141 4144 14 14111.
4. 44414411. 41144. 111, 2111. 114 41411141. 114 41. 111.
4414111 4. 1144 4411. 111111, 141. 141. 141111. 441 eu·
444411. 1441144141. 141 1144114444 14444 1144114441,
’ 4141111144 41441114 4441441111. 6444444 114 1144111414
144 (1444414141. 44111444 11411 11141444 41441444 41414 ’
4441144 14414141. 141 441411. (141411. 441141. 44. 11111. 141
1. 11. 111 144 411. 114411. 4141411411. 141 4441 1. 441.
1114111. 411 144 41 14111 11411 141411..44.1.1111,4111.
114144 1141141 1. 114141 (14114114144144 1411444 11141.
1111, 1111. 61411 (141141 11112, 44141114414411414 1114144
1141141114. 1141144 1411441441411 114144 11414 14
’ 11444114.Ι 111144 4. 11441. 14441 1141444114111. 444

1111414141 4444144 1441] ’
' 1414114. -144 1414 411441. 1141. 414 141144 - 144
14141111,11. 114 1111144141 144141 111, 11. 4411144

 

