111, ¹

1111111111 11111 11111 11, 11, 111 . '

· 1111111-111111111·11,411.-111’ς1.11’11111,111.
· 111111111- 1111 111-11 11, 111. (111111 31111
1111 1111111111 1111 111 -11 111 111111 11111111 11111111)
111. 111,181. 1111111111111111111111111 11111111 1111
1111111 11111 1. - 111 11111 1. 1111 111, 11.

1111111. ,111111 1111 1111111 1111111

11111111 111,11.-111111111111.

1111111111 (1. 111111) 111, 11 1111111111 11111111
1111111111. ·11111.

1111111111 11111. 11111 111111111111111311111
111111111111111111 11111111 1111 111- 1. Ι111311
1111. 11111 1111111111. 1111111111 11111111 111111· 11.
111, 11 1111111111111 1111· 1111 88.

111111111-111111111111111-11111111.1,11111.

“ 1111. 1111 11111161111111111111111111111111 1111

1111111111 1111111111 11. 111 11111 111111 11111111 111
111. 111111111111111111111111611111111. 111. 11111.
111, 11. ’1111111111 in Philon. quaerum 11111111

’11.11. 1111111111 111 11111111, 1111 11111. 1111111111·

111111 111 1. 1111111. · 11111111 411 11.1)111111.)118.

, 111 111111 11. 11111. 1111111111 111111 11111111. -1111,

181. 1111111 11111111111111111111111- 11, 11. 1111111111

11111111 1111 1111 111111111111111111111,1111-1111 ’ ,

111 11111. 111. 1. 1111111 11, m
11 1111 1111111111 1111 11111111111111111111. 111111·
1111111111, 111111.. 11111111. 111111. 11, 111. 11 parole

⁸ 11111111111111111111111 811111111111111 1

Τ1111111111111111.111.1111111111111111111.
111111 1111. 111111 1111 11111111 1111111·111 1111111111
(1 6111111)111,111.111111111111111111111111 11111111

. 11111111.-·.111111.11111 11111111· 11111 11111111·

111111. 1111111111 111111 111 11111111 1111111111 1111111111.
Ι«11111111. 111 1111111111.11,11111. - 111111111111111111
, 1111111111. 11 , 111» 11111. 611111 11111, 11111111 11111

 

