81⁵4

994 919· 114111. 9194 491.- -491191 9911 1111111119· „
41414 9111911499.. ..
999149419199. 991111. 9111119111 (9994911, 149. “
91191149-9491911 911141 ιίιιιιὶ 994 9141 941,
149. 9191149199141911 911, ;.99 4449411191911114191·
149944411411119111, 999. - .
9119119-19491191111411.19,491191.199. 19499

11911111441944114.191 4. 9114129.

- ·-91949ι1ιιιιι 9-1191114419·11499. 1114119 91411
1. 111914. 9111411, 445. 9911999499 maehina 4119.
199111911119999199 413. 111944191949191.911,14. 19119
114414 911 41144119414111111419911 9941919141 914ιι. 4491,
1191 4919149911 919419-11 911 9949119. ι. 911 991.
4111911119. 4411. 1419119991911991911991119,
141. 9114941· 911 911, 91.

1119411 1191991119914114 11411 41191414 91141411
11199119 ιι. 9111111ι499911911,99.’ ’

1919491 19194 911 11111119. ιι. 914144 4.-19111491149 19
’ 91194911, gt. 1. 11.. 911 1911191194. 491919 9114 911
919119 4991491991 11, 194. 9194111119 911, 49. 9949.
11114141 311411 (11411. 1919111.) 1999111 911 4911149141.Ι
9114119419 11, 1914. '¹- 9144491199. 911, 54.

19194 - 114 911941 9919149119194. 1911911 419. 41
9. ιι. ιι. 919991 11194 914 994 ida 11991 111, 199. 91949,
4499 911494111411141 (911 91149.) 19, 411.

· ’419996 -· 191 1994991 4199941 119119
· 9119411991 19411991914119 1, 1111119.

4119419919 11, 499.

· 9919411991141111119,14. 9919411999991· 141. 1111141·
4199. 911, 19.

1111911111 911 411911. 91141. (1991.) 41, 191. 41191 11
591919 19994. 119111- 9449. 141 1149 9944919949.
Ι4114. 4194 41419 - 911, 1. - ι. 44919 11911 119911. 9119. .
ιι. 1111411411 4. - 914 911144 41119. 14. 9191919941.
4119 911 9191119199 911414.. 41414.. 1914149. 9114114 11,

 

