164 ,“

s 6666) w, 676. · 6666666666166. 666666 t· 66666 ,
666666 vill, 661.
666666 ΙΙ, 146. Non 6166 ultra 666 · 66 66666666.
(Puc. d’0rl.) lv, 66. 66666666666666-61,6. , .
66666 6 vl, 7 6666666 666666666 66( 6666666666, 126. ’

66666666 66666’ un 66666 6. 66666 666666 6666. 6666. , ,
11, 17. 66. 6666. 456. 111, 145. 66666666 6. 666666. 416. f

66666666- 666666· 666 666666 Vl, 42. 6666666666
6666666- 61666966Ι

666666- 666 666666- -66666666 11, 67

’ ,66666666- 66666 666 666 66666 666 6666666666. ’

, 1, 117. 66666 66666. 6666666666 6. -l ,116Ι 666 666666

maber- 666666 666 6. 6666696666. 66666666. Vl, 27. -“ ἦ
· t 6666 -66666666666 6. 66. 666666 6666666666 66 666. ·

· 66666. 6661, 66. 6666 6666666 666 6. 666666 u. 666666
. - 6. 666666. 66 6666666. 79. 666 6666 66666. 666666. 666

- ἡ . 666· 6666666 666 666 66 6666. 6666666666 66 66666

6666666 666 6666666 79. 6666666666 666666 666 - 66666666
6666 666 666666 66666666. 666666666611μ 6,666 66 666666

, ’ 666666 66 6. 666. 666 6666 6 66 666 6 6666666666 6666 66 666

6666666 666666. 66 6666 666666 6 66666- -6666 666 6. 6666
6666666666 6666666666666 6666.. 6. 66666 666666. 6666. 616
6. 6666666666 ze. 167. - 6666 666666 666 6. 666666 66. [16.
. 168. 6666666] 666666 666 66666. 666666666666666 666 6666 .
66666666 666666 66. 666666. 6666666666 6666666666666 66666,
66666 666 66666 666666. 66. 36666666666666 666 666 666666.

, 666666 666. · 66. 11665. 666. 666 6666666 6666. 66666666

rt. 6666666 146. 666 - 6. 666 666666 6666 66 66666 666666.”
16666666 666 6666666 666666 6666 666 666666 66666192.
6666667 γῆν πρεσβυτάτην εἶναι V, 24. ·

. 666- 66 6666666666, 666666 6666666 66. 11, 6616.
666 66666 66 666· m. 6666666666. 6666666666 6666666666,
111, 156. 666 66666, 666666 6666 66 6666, 6666 66 666
666666 6-666 666666 666 66666 6666 66666666 66 16, 466.
’666666 66666666 66666 6. 6. 66666666 666· 6. 66666 66666 .

 

