21'
, 111111 - 1111111111111 11111111 11111 11, 1111 111

111111 11 111 11. 11111111 111, 91. 11111 111111 11111161
111111111181. 111119, 11111111111111111111ᾼΊ.

11111111111111ψ 11111111.1111111111111111. , ¹

51.11111111111,419. ’
1111111111 - 111 a. 1. 111111111111111111 Vm.
11111111111111111111111111, 14191. 1111 11111111.
1111111111111111 1111111421- 11111 1111111 1111 1111
1111 111111. 11111111 11111 11111111111111111.11111111111
111111 111111111111111111,291. (1111111111111111
171111. 111111111111111,114.-111 1111. &vt-
111111111311111111111111111111Π11.1111111111
11111111 111 1111111111 1111111 1111111 11111111 81.11“ “
,1111 111111111111111111111111 11 1111111. 111 111 1111111.
' 111118. 1111. 1111111111111111111 (1111111.) 111 11·
111111. 1. 1111111. ’11111111 11, 221211. 11111111 11111111·
1111111128. 1111. 11111111 (Τ11111111111111), 1111.

611111111111111111,67.81.1111..111111111111111111111 “
11151. 1111111111 1111 1111. 11111. 414111. 121111. ⁸

ΜΜ.Μ.ΜΗ.ΜΜ .
Δ1111111111111111111,142.

1111111- 111111. 1111111111. 1111111 1. 111111 1111111
1, 11. 111 11111111 1111111111 1111111111 111 (1111 1111·

1111 1111111 1111111111 111111 111 1111111 1111. 111· ’

11111111 1111. 11111111 1111111111 11191. 111 11111111
11111111 111 ,1111111111 111. 111111111111111, 1111111111
1111111111111111111 -11 11111111111111 11811111
1111111111111111111 111 1111111 111 111111 111, 21.
111111111111111 1111 111111 11111. 92. 11 1 111111
(1111111. 4..)196 111111111111111 11111 1111111. V ,2.11
11111 1111 11 11111. 11111 1111111111111111111.11111
11111111 282. 11. 1111111111 11111111 111111111111 1111

11111. θ11111111111.1.11111“11111 1111111. 1111111111 ι “

scammum} 818. - 111111 91111111 1, 111.- 1111111111
11111111 11 111 11111111. 1111111111 111...1111111

ἱ .

 

