’166

666666 6. 86. 66 6666, 6166616. 1666166. 666. bat 6166 · ,
616 6. 666166 6666611, 666. 11661 1166 61161661 nn 6616
ten 666 1616 6616 von 6. 1661666 6166 gum 66666166
661. 666116, 61661666 adjut. 111, 166. 6. 666666 ..
{dnn 66 66166616666616166666.6 6616666 6166811666
6666916646. 6666666666 6666 66166116. 16116661. 666·

, 6166661 626. 6. 6666666. bat 61666 uon 66 666. 66 · 1
fido ⁸94· 1· 616666 W, ²1· 151. — 66661166 616666 V,

166. 186. 166.
6666 6. 661666. Ι, 166. 616 6.·186. 161666166666669.

·6666166661.·3666.6666. 616666 nu 1. 666666 (161616 ,’ 1

6116666 ze.) 666.“ 6116666661 66166 166 aus 6. 66166
66661166 666. 66616 66166 66616661. 486. 661666 66166
6661666 486. 6616 616. 6166 11666 486. 666616666616
engi. 466. vn, 666. (6611 but 1616 11666. auf 6. &coeth
¹ 6111666666. 1, 668. 6. 61116 16 6661, 661 1661616 666661.
66666666 6666666616 6116. 11666 666 666161. 616 6. ’66666 ’
‚ 616 6. 66166666. 66666161, 616 6161 6. 6616111616, 6666.

6. 66666 1111616666 6616661466. 6616661616166166- ⁴ ·
' 661661 ²⁰⁹· 2161. 666. 6666616166666166166666 ·

mann 661661 661. 616 66161666611167. 616 61166616.

· ’ 11661. 6. 66616 66111166 6. 6611166 66 1166164. 6616 gan·

666 66661. 1616. 6666666663616666. V, 618. 661661.
66. 66666166 l, 666, 666.Ι 666. 666. 111, 166. 118616.
vl, 616. m. vn, 166. 6166 6666. V, 666. 6666. 6. 6.
gegetum 66168 16 6 66661. 666. 6. 616666666166 6.
166666 661. 11, m· 6616 u. 6661666, 6. 11116116 66. 66.
16166 6. §omousi 6. 661661. 6161166. V, 611. 61666666. 616
61161166 6. 611666. 6161166. se. 1111, 166. ’111666 6. Dm. 6. gangen
61611. 466.- 6666666666,616666116666 16118166. ·
(6611166111.) 6616116146146. (mute 1, 666661.) ι
36166166116666 1666116666 um 666 1161661661 61661
6116666 1, 616 11666116, 661661 661666. 6. 6616666666.
616 66616. 111, 66. 661661 61166 61. 6661166166. 68.
6. 666116 161661 6666 666166. 6661666666 6. 6666616

16*

 

