ἑ ,11ι ψ

61111111 11111-11111 11111111.111111111111111111 1
1111111111111111.1111.·-..111111111111.-..111111111 ’
11. 181. 111111. 111111 1111111111. 11111 111111- 1111
11111 11111111 111 ⁸²: 111 11111. - 11 111181. 11111111
111111 1.1111111)11111.11. 111. 1111111. 11 1111111. 111111·

, 1111 1. 3111111 .. 111. 111111 11111111.·16. 121. 128. ,’

mmmwmmmmwmmm'
⁸ 111111111111111111. 11111. - 131. (11111111 111.-1111111· ’
· 1111. 1. 111. 111. 1111111111. n. 1111. un
111111 pluo 11111 ..plus-richo 111111 1111111111 plus
'malboureux 'que 111111 11111Ε11113111111111111ΧΝ. ,

’ 158. 1111111. (11111111. 1. 11111111 1111. - 1111. 111 111111

111111 ,11111 1111111111 111 1111111111111111111111
1111. 111111. 1. 111. - ..1. 1111111111 1. 188. sibula·
111 grands-hommes 1111111111 et do 1111111111111111
114. 111 11111111111111.111111111. - 1111111111 111 aflet·
1111111111 11 1111 1111111211. 111111 1.111111111;1111111.,’
1111111111.1111111111111.- 211 111111. 111111. 1111. ·
211. 6111111111 111.-111. 1111111111 1111. 112411 111·
1111111. 11111111 111111. 1111111. -, 111111 111 1111111

’ 11. 1111111 111 1111111. 1111. 1111111111. 111111. 111111Ι

11111 (1111111111 11111 1111111-111 11111111 211111·
’1.11111 1111111 1111 111 11111111 1111. 111 111 1111. 111·
Ι11111 11111111. 1111. (111 1111111111. 1111111111) 11
1111111 111121111- 111..111 11111111 11111111 111.

111. 111 11111 1111111 111. 11111111 · ¹

1111111318. 11111. 31111 1111111111 - 3711. 1Χ81111Ὶ11111,11.
1111113111 111 1111111111 111. 111111. · 451. 111 1111Ι
11111. 1. 1111111, 111 111111. 11111111111111111111111.

1 11. 11111111. - 11111111. 1. 1111111111 1611. 11111111111111.

·- 111111 111111. 1111111111111 1,(11. 11111111111111111.·

1. 11111111 1. . (1111.) vl, 1. 111111. 11111111. ‘

'- 21. 11111 111111 11111ί 1111. - vn, 1. 1311111111
11111. - 211. 111111. 6111111111. 111 131111111111111 111.

111. - a 11111111 111 1111111. 111 111111. 111111 1111. -1

 

