Μ
111 11111 1111111 11 111111. 11111111. ιιι, es. ¹

1111111111111111 beten 111111 - 111 1111111111 11,· 11111 ·
1, 11. 1111111111111- 1111118111. 11,]1. 1111111 ¹
11111 3111111. 1111. 1111111. - 11111 1111. 11111111. 1111.
111. 11111. 1111111111 · 111111 111. 11111. 11, 111.
ἀλλοίωσις 11. σύζευξις ὀνομάτων 11. 444. id) 1111111. 111111
111111 - 11111111 1111111111. 6111111, 111. 111 1111111 .
1111111 11111111. (111 11111111.) Vll, 1. 111 1111111.
111 111111. 1111111111· (1. 111111. 11111.) 11111111111111 ’
41111111.) 1111. (1111111111111. 6111111111 11111111
111 1. - 1111111111. 111111. 88..-3111111 -11111111-
11111111. 1111111111411 - 1111141111. · 111 -
111111. 11111, bct 1111111- 11, 111111 - 1111 11111111
111 11.11,111 3111111 111 ι1111111 -11111 111 ιιίι
,111. 11111 ιι. 111. 1111111111 - 11111111 im 11111111
11111111 11111111,1111.1111111.-111,1111. 111111
11111·1ι.ιι.ι111ι1111,111. 1111111111111111111
1111111-111.111111111111111111111-11·
111111-111.. 1

111111 1ιι 111111 1111111111 ι. 11111 111111 111. 11,
111. 111. 1111 mu 11116111111111111111111111111.
11111111111.11,111.

1111111 11131111111111111 111. 1111111111.11,181.

“ 1111111111111 1118.

11111 1- 1111 11111 nne 1111. ort 111 1111111 11
ιιι1ιι. 1111111 tinem -1111 111111 umbe, ιι. 111 1111.
11 1. 111 ιι 11 1111-11111111111 11, 181. 111 11111111,
61111111 11111 ,111111 mit ι. 1111111111 111111. 111 111
111 11111111. 1111111111. 1111111111 11111 11111. 1111111
1. 111. 1.· 11111 11111 111111. 111. 1111111. 1111 11111111.
IV, 91.- Fon 1111111 11111111 et 1181111111 don
‘ 011111111ι11111ιιι--1-1111.1111111111111111

“ 11111111111111111111.1111111111 1111111111,
·ιιι 11 11 1111111111. 111111111111111.1111111111·1ιι
11111111. 118. 6111111 ιιιι 1ιι -11 111111 1111, 111.

 

