198

’ 111111. 1111111111111. 111 81. 1111111111, 111.
1111111 111111 (11111111) 11111. wlff). 1. 1111111
1. 1111121. 61111111 1. 61111111 ιιι 1111. grae. 1111

’ 1111 1111111111111111. (111111111111 ιι 11111 1111
11 ι. 111. 11111111 ιιι ι. 1111111111 111, 221. 11111.

. 1ιι1.1.11111; 51111 1111111,211.11ι111111111.

5111111111 1.’ ιιιιιιιι 11111 11111111. 1112111111.

comp. ιιι ιιι 1111 1 1. 1111111111. 1111. 1111111. 111

11111. 1111 111, 211. 211.

1111. 111111. 1, 112 1111111121. 1111111111.
1. ιιι 1111111. 111 11111111 1111ιί1111. 1. 111, 211.
ι. 111111 ιιι ιιιιι ιιι. 111 ιι 1611111111. 111, 11111111
ιίιιι ςιιιιιιιι 111. 1, 111. 1111 11111111 111 ι. 6111
1111111111.111111111111111. 1111111111111111.
1111111111111111 1111111111 111111. ιιίιιι
1111111111 111 1.,1111111 111111111111. 11111.
1111111111. 111. 1. 1111111 1.1·11111111111ιιι 1111.
mirae. 11,11. 1111111111 1. 11. 11. aar 111111 111111
11111111111111. 1111111111. 11ι1. 1111111111
11. 111, 1111· ιι. 1111111111 1111141141111·
1111 aui 1. 0111111111 11111111111111111 11111 111
11. 11111 1. 1. 11111111 111 1113111111. 11111. ιιι
, 111. ιι. 1111111. 11111 1. 11. 1. ιιι 11111111 ιι. 11. 1ιίιι ’
{utut 111111111ιό ἔτυμον, , ιιι jebet 1111111111. nl.
· 1. 1111111. 11. 11111111). ιιι 1. 11111 ,1111111 1111.
(1111. 111. 111111 112.) ιιι 111 ιι ιιι 1. 11111111. -

111111121.11111111.118.11111ι1...1111111’11111 -

111 111111 11111111111111111118.11111111.

11111111 1111111111. 111111. 1111111111 111111. ’

11111111 111. 1. 1111ι 11 ιιι 11111111 211 11111.
,1111111111 1111111111. 11111111ιί1ιί 111214. 1111
11111111111111. 1111111 111 ιι. 1111111111 .. 11111

111111. 11111111. 11, 18. 111 ιιιιιιιι 111111 ιι. 11. ,

1. 1111111111. ιιι. ιιι. ι. ι. 11, 11 1111111. ᾗ

1111111 1. 1111111111 ιι. 6111111111. 1111111111.

 

