Ι 111 Μ
111 111111 111111 11111 1111. 111 11111.
11111111 1111111 111 11111111111110. ⁴ 1111131111),

1111111111 1111111111 (111111.) 111. 111111. 11111 ..1. “
n. 1111111111 11011154. - 1111111111111111 111

11111111, 200. [1111111111 11111111111111111111111 2
1111111111 1. 1111111 01161- 1111111111 1111111111
111ιὶ1 Vl, 14.

1111. 11111111· 11111 111111 111. 11111. 1. 11111111.
111 ,1111111111 1. genis. 1111111111 1111111111111111
111 1111111111 111111, ,111. 11111111111111111111111111
11111111111111. 1. 1111 1111111111 -, 11111111. 106.
11111 111 ,111111 11111 11111 111 111· f. ..m 1111111·
11111111 1111111111 - 111111113111111111111211. ,
611. 1111111111 1111111111131111 11111111111111
11111111 11111111 1111111. 111. 1111 ’1111111 111
11111. 1111111 111 .. 111 111 111 111 111 - 1. 11111. ,1.
111 1111111 111111 111 11111 1.(1111 1. 111111 V, 211.. 111 ’
1111. 111111 111 1111111111 1εοχήν 111111 111 cing. 111
s 1111111111. 1111111111-01, 15. 19. Ι1111111 1111 111

’ 111. 11. 1111111-111. -,’1. (1111, 111. 0111. 1111

111. 1111111141. 111 1111 11111. 111. 1111111111 1111
· 1111 fid) 111 11111111. 11111111. 1111111141. 1111·
11111. 11111 111 111111 (111 111111.) 11111111 1116111

’111-1101211111)6111111111-40. neue-u· ., =

111111111111111 · 41. 101110. 31111. (1111111111.)

111 1111111111. 3111111111...11111111. minor 111 = .

· 111. 6111111111. 11111111111111. gest. 1111111111
111 111111. 111. 111 111111. 1111111111 1. 0111. 111 y
11111. 111111111111111111111. 1111. 1. 11111111

’ 61111111111111111111111-111111111118,111111 , ,
11111. 1111. 1111. 11111..41. 111 01111111. 1111111

’11111111 1111111111111111.111 1111 11111111. uz m·
111. 11111111. 111 1111111111. 11111111. 111-1111. 1

1111. 1111111111111111111141. 1111111111111111.11111 ·

1111. 1111. 11111. 11111. 11111111. 11111111 11111111 11111

 

