1111 .
s 611111111111111 1111111111 11 11111. ’11111 1111 111

111111. 1111. 11111111 1, 1112. 11111111 11. ε 1111111 11111111
1111111111. 1111. lv, 1111. 1111 11111111 6111111111 111.
[1111111111 -2 11 muiuot etc. vn, 193. 1111111 111111,

. 1111111111. 1111111 111111 11111. 11111 11111. 111

1111111111, 1111111111 u. 11111111. 1111111111. 1111,
111111 11. 111211. 1111111 - 11111. 111111, 111111 11111
1111111111111111. 11. 21111, 1111111 1. 18. 1111 11111111 111
11111. 1111111111 1111. 1111111111. 1111111111 1111. 1111.

61111111 6111111111 111 11111111 11, 1111. 1111111 Dtb·
111111 1111 -11111111111111, 1, 1111. 111 1111111111. 11111111,
1111111 61111111 1111 - 11. 11111111 1111 lV, 21. 111111 1111111
6111111111 1111 1111 1111111 11111 1. 1111111Ι 11. 1111
1111 1111111 1111, 121. ‘ “

1111111111-1111111111111 11111- (1. 1111111111.)
ΙΜΙ. 111·1.11111111111, 211. 611111111111111
112111. 11111111111111111111. lv ,211.-.- -1111111111
1111111 111,11.

1111111111-1111111111-1111111111.11,112

11111111-1-111 11111111111111,2111 111. 11111
111111111111111111111111111111111111111111-1111
’1111111111 11 113144.

6111111111 11111111. (1 1111111111) 11111111 111111.

11 1111111111 111 1111111111 11111111 11111111 1111111 111111- ¹

’ - 1111111111111. 11 111111111111111111. 11111. 1, 1.

ῦ11111111-·-·.-111111111 111 11111111 11111111111(11111

1,)111 111111111111111111111111 1111111. 11, ,
’111 (11111111. 1111111111,111111 1.11111111111- , ’
111111 111,11. 11111111 11.61111111111111,-.211 - 2

61111111 111111 1111111111111111111 11111111111111111111111
1111111111 11. V, 811. - 1111ῦ1111. 1111111111 111. 11. Vl,
18. - 111111 1. &cele 2238„

1111111111 - 111. 11111111 111 · 111, 11. 1111111111 ¹

111111 111111, 11111 111 -11 11111111111111, 211, —2
111111 11111. - 111111) 11, 11

 

