’ ιιι , s

-66811661 311, 6. 31111611 1316616116161161111618
1168111163. ’

Ι’6116111611111116116611366] 6161111116
11811111 [13.14.66.[ 11168.111111111,363.[368.] 611
11611. 11 61166 3638. 8111611161. 3616111111111338. 11111
11111861. 343. [368.] 6611. 11116111161811.116111
1611113648. 6111811611 361116. (31111116.) 333. 6118.
6111688113, [13] 6661 11111[388.]338.3111111611666
[84]- 3111116116 [11] 31. 33. 88161 [38] 3644.
¹ [183. Ι311, 1381313838 1611611111 31, 363. 661611
311, 368363. [381] - 1161166613, [86] 611ιί111.
61116111 116161 136. [181] 31, [66.] 346. 6111111 3,
[383] 3116111 31, 83. 33. 1111111 3161 [64 8. 136]
61611166116616186. 163163. 346. 81118111 6661 343.
6161111166163.[648.]166.366.311,338. 616611116111 ’
’ 346. 366. 661111111666116 1638. 168.-- -161616 6611 3161
pff-ung 116 11111111 3, 66. 68. 163. [166] 6611118361
61161611111811 668. [168] 6161 1616 6161. [166] 116.
1861111111. ιι. 11111 1111111 [146143] 116. 31116111. 64.
116. (136.) 31, 343- [61111 uad) 6611. 3, 1668. &My
1116811 31111616 311, 1631636161116361111613,

[1838183316.11661116.311,[336..[368 363. ιι. &ua {

6611111611111 1118111166 364. 368. [331.-] 6116111

8611111631 [ιιιμιι ι 1111161111 ,6.111111616166 ‘

6. 8111 66111 3111186 61111 11811111,366. 6. 1.
6161111361[6168161616ι11.6116.[366.] [116. 311611

¹ 3 [138] ’.3111118161186613611111 [384] 6186166161

1. 61111166111166 31, 116.

Α · 616. 111 11816 3161161611 111, 336. 6618661613
‘ 343. 366. ι. bet 1166 [316] 618. 1186. 318161 11116.
338- 616611. 111611186116111. 31161186 346. 3638.

. 1611116118161181118 314611611368. 1118
’ 11161111611331·6688.[366.[ 61161116666118611

6111111611. [111,] 6111118.. 6118 bet 61. 383. 334. neue
11181. 3868. 388. 366. 31118.. 1111616. 386. 3,66 (363)-1-[111

 

