119. m 1111, 114. 111111 111111. 1111111611. 11111111
11111111. 1111111 11111 111111 1111 1. 111111· unge-3
111111 ac. 298. -1111 1111111111 11. 98. 99. Vm, 8111.
· -11-1811111111. 1111- Vll, 1811. umnam-&rcum
274. -1111 191. 2911111111 111111 11111 11111111.
(111. 1. 111.) 1111 9111111111111 1111111111111111. s
, 1111111111111111111111124191. 1111111. [3991] 111.
-,,1111. 1111111111, 215. 1111. 131111111111111111111
1111111111. - vll, 126. 11111111. - 88. 111 111. - 112.
1111111111 1111111111 111111. - 1111 1111111111 1111111
11111,111.·.11111111111 11. 1111111111 1111111111
Χ1111111111.1111111 1. 1111391.) 811. -11111111811111
an · (1111.) 111, 111. 11111111.) 111. (1111111.
(lm.) m. 111. 11111. (1111.) 111, 119. ’

· 111111, 11111, 111111 111 61111111,111,6.

ἱ , 1111111-111111111111111111111111111.- 111121.
.. 11111111-111,111111111.,111- (1111111111111111111. ’

11111. 1111111.. 111. 1111. 11 1111111. 64. 111ὕ11111.111

· (1111111.) 1111 1111 1111111111111111. 111. 111111. 111, ¹

1111111 11111165. 111 111111» 811. ,111 1. 1111111111
11111 1. 6111111. 111 - 11111 1111.Ι 1111 1. 11111. 1111. 111111

111111 111111 16. 111 - 111 1111111111111111111111 11 1. ·

111111 1111111111. 111111 . . 1111111. 11111111 11111111
Α11111 1111, 11111111 11 1. 1111111θ11111491. 111111

111 -, 111 31111111 1116111111. 211. 111 111111 111111. · ,

-11 1111111116111. 111111 111. 6111111111111111111
, 1111 11111111. 111 11 11111 1111111111 11111111111111.

“ 1111111 111111 1111111 1111. 1111111. 111111 111 111111

111111. 111 -3 et 11111 111 - 11 11111. (1111111, 1111111111.
θ. 11111 11 111 11, 259. 111111 1111111 11111 111 1111111111
- ὶ111111 1. - mit 1111 1111111111 259. 111 1111111111 111111
1111311111 11. 1111111 111111. 6111111.. 11111 1111111. 1111111

111 1311111111 111 1111111. -11111259, 111 6111111. =
. 111611111111111111111 111ῢ11111. 111-,111111 11. 111

11111111 11111111 111 11111111.. 1111111111..1111111ἔέἰ

 

