w?

11111.) 1, 112. 213. - 11111 11 11111 1111113111. 111 .
313111 11111311111131111 1111.11111111,’113. -. ιιι
1111. 111 1111111111 1.1111111111311113133111111111.
3111111111 11, 34.
13111111*11311131111311311111111111131ι
1111111111434. ,
311111-Μ11111111111 1111111111·1.1111 1111111.
3111111111 111 111 1111111 11 11, 453. 111111111111431.
1111111313 11, 15. 31111111 1.111111111-111,13. ,
· 3131-111 1111111- 1111111113 11131111 11113.

11111, 144. 1111111111 31111111 111. 1. 1111. 31111 443. =

1111111111 111 1131111433. ,

· 3111111- 1111· (1113111111) 11,111.’ -11 1111113.
-11 1111111111. 1111111111111331. - 111 1. 31111111 ,-
1111111111. 11, 21. -ιιι 11111111. 1111. 1111311. 111, 1113.

, 11113. 111131311111111. - 1111, 311. 11111111 1111 ·

111. 111111 311111111111111111,349. .

1111111111. 1111111111. 1. - 243. 1111111111ιί. ,
natrix 114. 111-11 m. 1111 11111111111111111 1111 .
133. 1113111111 111111. ι. 1111111113 311111. 11111-
,κ 11, 31. 1111111311 11 111. 311311111131. 11, 311.

Ι1111111113 111. ¹

111111- 11111 · 11 11111 111. 111. 111 111 111 1.
111111 1111. 11,,111, 14. - 3111111111311 3111311131
11. 1, 31111. 11111 111. · 1111 1111131. 1111111, 11 1111111
&ie 1. 111. 331 11111 11 1. 3111. 1. 111131 111 111*
1111 6113111 111111, 1111 111111 1111111 111111 1111311
111111 111, 1. 13- 111 31111111. 11111311. 1111111111
1111111 1. 1111111111 111 13111111-111111111 1. 11-

1111111111 11 viva vox 1111113111111- 1111. 1111111 ’
, 111 111. 11111 11 1. 3111113 11111111111111111111,313.

111111111-11111111.411.111111111- 1113111. 434.
3111111111111113113111111111.13111·11111111 ,
’111 111. 11111. 1.111111111.1311111111111,113 111
1111111111. 3111111113 1111 1113311111) 11111 111.

 

