444

“ “ 9994. 111, 194. 941444 4449. 44 9444. (1491.) 111, 91.

Ι(4444.) v, 444 444. (nnn) v1,nnn 41144, 4444.)
8149411111 14144141 1149444, 94449 11444. 14194114 444, ’.

9441114444 (11, 919) 1144944 1 1994 4 9444444144444 ’

9111991. 141441444414441444441441 999. 949. 4441
ient 444 941444 (14 9414444149 411. 99 1141. 11114 14 ’
944 11414444 44 914 914944, 944 444 944 9444414144 44
4141441411. (441.189.)- 1· 9 44441144141444 111,
*194414444144 4. 1444144 91141144 11, 999. 919 9111.
919. 11444144 949. 991. 4444 99 9449 4441444414 4414

444149 914994114914144 4449 414 444 441444 4994414444 ,

’449 9144444 914444 44444944 9914. 9994. 111, 199. 188.
14 41444945. 4444141444 9 14 1141114 959. 99 4449141

414444 41444441 444 4. 914144 994. 919 991. 999. 411. 1
1141444 4. 9. 44 144 (1198, 9114.) Ι,199-919. (1159.) .
444. 444. (4444.) 111, 44. 444, (444 444.) (4444.) v, · ³

144. (4444.) 444444. (4444.) 444. 444. (4444.) 444.

’ 914 91141144, 4444 9444444144114141149444 Ι, 999.

wwmmffimwmmmm ¹

94444949. 4141444444 9514. 111,199··
1149444444 944 914 44444 941144411444911,459.

914144414414941444991414414444414. 44411111 ,111.

· 11449-144111444444414414144494194141111

·, 1411449 Ν, 294

· ’114444 94444 414 11494944 44444444 11, 194
1114444444444144444411,19. · · ᾗ
914444-9491 444441 4449. &tinne 444. 9444449 .4

14444 419 444 949 444. 9144144 444- 1499 ' ·

. ¹litanti 111. 1144144444 111, 49. 9449444.. 144 94414.

41449 1114441449. ..441449419444444 .11.,91- 914

9444 94444444414144444 111414. 4449 4444449449 .
· 444 nnnc 444444. 4444. 444494. (nnn 444444 444 4) ·

4494144411,114 4. 9444444444 9.14 94444 4411.-

· 1111919 lm. 41414411 944 4444444 - m 414 444494. ’

 

