’ · 55.

lv, 122 - 51551155 5151555555 Vl, 41. 555 muramutha
555 51155515. 555511, 55.
55 faut 55551555555151555. 515 515 65155515511555
5115511555511515515555 5551515. 5555151 15 1515. 155 net·
¹ 151555 1,15. 515 5551551151. 1115 555155- 11555115. we·
155551 5. 515155 [111, 285] 51155555 555 41551, 13151515,
5. 1.· 55115515. iiber 15511151. 55151515551555551, 11551 -
W, 11. 555 61155 1115 515 5555 55515555 · 1115. 555155
5155551555 515 551 115 5555 2155555. 151555 555155.
5855115551555 - 95. 151155 515 5151151515 u. 6555. 555 -
5551555515511, 214. 515 15555 555 - ιι. 55151. 155
Ι 515555 518. 2155555555 555 5515 5115555551 1151515155·
1551551266. -, the 5555555 country V, 161. bie ·
61555 555- 5511511 1155 5551151155555115 551 515 partie·

’ 1555555555 5551, 151 55555555 51551151151555555 5. 51155155·
115555 Vl, 25. 5555555155551555555515555555555555551151511 .

Α 55155 515 51555 555 - 55151155 25. 515 55555155 55115555
,5551555-515155 1111, 85. 515 1155511151555 um 555·
5511155 vul, 255. 5555115 1551515155· 554. 515 5155155555
51555155.1555555511.-8111.
55155515 5551555555 555 215155 1155155 111155 Q. 11 ,
5515 55511555 15155555515515555. 155151. 5555 511555 115551 15
5551555 555555 511555. .
215515551ῦεί1, 148. 55565511155 philosoph. W, 156.
, 1555515511,8112164.555155511511555565151555·
551155 vn, 42. 555 15511515 - 5155515111. (55151555. 45.
55155515, 1555151555 11, 436. ›- volo veli 1151 185.
2155515555, 1151151555 l, 241. 63. [11, 5551]
55555551 11, 152. 5555555155 51115555115551555551122.
515555 1. 255555 11, 458. 515 651115 5556515551. 1555

25515555 5115511151. 1555555115 11, 5116.
’ 5555151155 551555511455.
5155555555- -151515555 111 55555. 515115. 515551, 452.
55551551151515-55555 5555151555555155-15555 ·
515552 ’

 

