444,

84444444. 44444. 444. 44444444. 444444 444 44 844 444 .
44444444 4444444 444. lv, 848. 44444. 4444 444444 444 44
444444. 84444444 444 · ι. 8444444 lv, 114.’Ι 444 444444
44444444 44 444 - 44444484448444444.444 4484] 48444·
ιι. 8444444444444444. - 44 44444448. ιι. 44. ιἰι - 44 ιιι·
’ - 44444 - 48444 4444. 44444 4. m. 444444 4444 444444 ’

Vl, 48. il. 444 444-44ιί444 8444444444444 444 Ιιι loix
, divine· 44 quo 44414 polico ιιι 4444444ιοί4 aux civi·

.’ lon 444, 884. 844444] 444 444444 48444. 44444444. 44444. 44
44. 444 4444444444- 444 44444444. 444444 zu 4444444444 -

888. 4444 4444 444 444 44444 844. 44. ιι.. 44 444 444·
44 44-4448444 444. 44444. 44444444 884. 44444 44444. 444
4444 &teme 44 444444. ιι. 84448. 444 - 444444 4444 4444
4. 844444. 44444444 44 mig. 888. 44 44 4. 44444 44444·
44444 44 444 44444.. 4444 444 4444 4444 444 44444444
’444 4. 444444 4448444. ιι. · nod> 444444 4444 448. - ιι·
44444444 44 444 · 44 444 44 44444 4. 844444 (nod) 448444)

· 444 · 4444. 4. 84444444 888. 444 444444 4444 44484 gu 44· 1

4444 4444444444 (444 ·) Vl, 4. 444 · 444 8444444 444
8844444444 (444444 4. 44444) 444 44444444 ιι. 844444 444·
444. 44444 4444444. 444· 4444 4. 44444444 444444 444
4444444 814.

-44.44444444 ιι. 44444414, ²2²4 844. 88.8881.
’ 44. ιιι 4444. ιι. ze. ιι. 44. 44444 444444 ¹
-4 88. 1444444. 44444 4444444844. 4.· ,4 444 444444 444444
4444444444 88. ·444“ 48444 84. 88., 84. 84 44444 · 444
84444. 81. 44 84444 444 4444. ιι. 84444444. 444 444 844·
444444. 444. 4444 44444444. -44 44444 84444 84444 ιι. 84·
444 4444444444 84. [ιιι 484444. 84444]

444 4444 4. 444444 ιι. 4444 -4 444444 444444. 448444
44 1,88. 4444444 - 444 444444 44 4444. ι. 4444444448
48444444. 44 4444 44444444 444444 444444 - 44 444444 444·
444. 88. 444 84444444 44444 8444444 ιι. 44 44. -44 444
844444 4444444 ιι. 4484.

444 8444 44444 444 84444 444 4 4444. 44444 4444.

 

