θ’ .
ἰ 1444444.444411.44444444444444..4444444444,ιι4.--

4444444441444 4414441444 441444 4444144401. .

' 4441444 111, 44. 444444. 4444 444144. 44444. 44. ,
⁴ 4441 444 44144444 u. 4441144444444114144. 4444441.
’ 444441 44444444 ib. 4. 444 444441. 444444444441444. 444. “’

. nan. 4444 4. 244. 404. 44 444 444444. 4444 444441 44· ’-

4144 Miles 4444414444 4004. 4441 {n 4441444 404. 44444.

414444, 444 4.· 441444 44 4. 444444 44 44444444 404. 444 44 ,

444 414 4444114444 4.,44444 404. 4444144414 41444 4444. ’
4441444444 4044. 44444144 4441404. 444 44414444444404.
. 4411 444 44434444 44 4. 441444 11444. 4444444444 414. 444411. Δ
. 4 444 44444444. 444 4444414. 414444. ze. 11, 441. ,44414444

‹ 44 14441 W, 044. ’4144441444 444 444414 4441 444 44444

* 4444. 4444441 41444. 444444 4444. 44444 44444144 4040· ,

44444 44. 4111414441. 4441444444. ·- 414 4444444444 44
’,4444444444 44414 41440.. ¹ .
, 4441444444 144440. v1‚22.(20.) ι

44414444 4444444444 14,414-420.412.411,00.174.
447. 4444444444144444444. 44441. 114440. 414444. 408.

,mmmm-

= 44444444144441141.4444444444444141444.44.14444.

4444, 4414444, 44444444 444144. 0444144.. 4. (4444441440. «
J . 4444444144, 4441114144, 444 44444. 44444144 (444 zuei· -

{et 4414441) 44414. 4114414. ’

, 44144 44441 444 3444414414 4441144 414 44 441444 441444
1, 444. 4444414444 441. (44444444 444 4. 444 44. 44441 ein·
4414444 11, 44. 44444 4. 114418. 4114441444444444 444444· =

444444 4. 404. 14144144 4414414 4. 411, 70. - 4114444444 1

44144 44141114444 4444444444 Vl, 14. 4114414.- 444 4444 t.
4414444144. t. 4444444144 44. 444444444444 114440.

4444414444 - 1444144444444444 444444 u. 4441441444 ·

vn, 295.

Δ x 44444444 4444444444444 4404. Ι344444444444 4100. ·

. · 11444444. iu 44. 44414. 444. 14414 04441414 in 4444441444. ·

4444444414, 11, 401. 444. 4441444 444 444441. 4444. 4.· 444 Ι

 

