’ w

’611161 666 Men 666 Ό66166 61166 oemmgmmffi ·

6661666 6616 666666 666 6666666 166 , ’ ¹

166611666661161666 661166 486. 1666 616 6661116166
b. 611611 66611661.6111666111166 6.- (11666166 1661 666
6661.)666111,6 1166616 66 66611611. 11161166 66

· 6616661616. 8666661666 666 466. 616666166661·

166666 · 66. 11, 64. 6168661616 111 616116 66661 616 11666
3616166111 6666 6. ‚ 611, 16. -6116666611166686116111
48. 1161611666 1111. 66616611. 168 3666611166 6666661116
1111, 168. -11661166 11,466. 61666661 666 -1166616666
1111,Ι 66. «6611166666. 661. -166611111 11111, 681. „title⁸
1611666166 lV, 86614661 1661166666. 6666616161
-16616661166661668 661 666 66661· ,6. -116616 . .
66666666. 6116666116 668. -616666 166 ,1666 661. 6.
6661116611,166.·.16661661166 6666666 6161661. 616, 111611.

,6. 661-«61661611 6. 6161166 66166. 11166. 668. 3661666 ,

616166 6. 16666 66666611 168. 1161161. 1116666 6666616.
6666.66·666616166161666166111,41. 61161661666666
666 6666166 -61166 111, 466- 61666666 6616166
666. 666 6161661. Vll, 168. .

1611666- -1161166 661. «1661166666 616166666611666 s

661 611. 616 661 1616666661616666 66661. 616166

616166111666611.1166666116161661666. 6116186666 ’ ,.
66. 1, 116. 616 1611. 1666666 666 166166· 16 6166. 6161 f

166 6661161616 11, m. 16 661616 616 160661666116 plu·
grand. 8661111616 aux youx. ,deu 1661666 superati .
11666614.6611661616666661.ί166616...661661611
6666 6116161661 61666 666 666 66111. 616161 66116 666 s
1611. 6666666166 66 6616666 11, 266. 661. 166661. 6611
6616616166 666 66611. 8111161616. 61666 · 66 666166 666 ¹
666. 166166661. - 66661. 1611166 166666 ..· 16 11666166

6611666 16. 6. 161166 66111. 614. 616 166166 86666 616 =

..861661 666 666 7 16611, 66. - 616 661161. 6166661
661161666661166111. 681. 641. 661166 666 61666. a
6666661611 11. 41» bie 66661666 6616666166 ·

oausam 666666 661. 666. 22 Ι

 

