949 f

. 1

’ ’ 9999999991 (9999911μ188

9999999- 199 9999- im 19999991. 99999999 11,
294. 999 9999999999 99999199- ιι. ιι. 19, 292. 499.
V, 199. 9111,’.299 ’

39999999- -999 9999 999999 9999. 999 eutem 99-
9919 1999 ι9 ιι 991991 neunt 19, 149. 999 991999 (9919999

ι 999.) 911, 119 1

399999999- 9999 911999 99999919 99 999 999 999999

. 999 919 9999 - 9999 919 9999999999. 9999. 999 9. ,

,ἵ 99999 999999 ιι. 9. 199999 9999 999999999999199 ιιι
999199, 91999 1, 492. 91999999 999 99999. 9. 999999·
999 9999999 99 919919. ιι. 999 999999 99999999. - 999999 ’

’ 11, 22. 9191999919999,·999 919999, 999 9199. 999999.

192. 19999, - 19, 199. 991999ιιιίιι1919.99999999 - 999·

' 99999999 99 999999 99 999 eben 9199999999] 99999999

· 9. 999999 ιι 999 99 99999919. 9999 91919991. ιι 9999 9999
. ,Maximus incontestablos 99999999 9999191919 449. (447.)
9199919991. 99199 999 99999 99 ιιι. 999999. 9999 999. comm.
y hom 99991999999999 91, 29. 999999999999999. 99999 ,
99199 99999991. 9991 99999999999911919.9ιιοιο
999 9999999999 ιι 29 919 9999999999 999 99999919
’9999999199 9199 911, 282 ,

399999 *a 999 991999 99 9999 99 aneni-sabe 11, 7

. 491. 9999 999· (9999. 92) 9991 99999 999 9999. ι9ιιι 99

’ 9999 9999999999 912. 999 9999 999 91991999 9999999999 ’

999 999 - 999 999 99999999 999 99999999 991. -

, 399199 (99. 99 99999 99 999999) 999999. 9. 999999. „
99. 999 99991999 999. 1222. 9999. 1222 ιι. 91, 191.

9999919- (butt 999919 999 9919 999. 9119919919 99999999
999 ιίιι - 9999999999. 9199999999. 99199 999999999919999
ιιιιι9 ιι. 1, 29. 999999 9999999999 99 999 -99999
zu 9999 29. - 999999 999 9199. 491. 99999 -9 111, 84. . ‘

' 199. 99 99999 9999. 999 9. 919999 9999 99999999 999

. 91919 999999 9999999999 99199999. 9999 99999 9999999 999.

999. 999 9999 919999999999999999919129.99999 - '

 

