4

’849 =

8. 4888848888 888844884888848888 888888. m 88888 ς’
88484 -88888488 448. “,
&bess - 8888848888 - (8448888488) Vl, 288. mott- , 1

188 888 888 8888 - 8484 888 888 88884 8884888 88 418448. ’

, 8888888 f. 8888888. ιν, [844] 8488- 848. 888. ,

285. 284. 888848. 288 f. 284 f. 84 8888 8888888888 888848.

888 - 8888 88 ,84888 888 1188848888. 8. 8888888888 848·

888848 888. 8888 848 4884. 888 - u. 88888 888488 248.

888 8 »ia 88 888 ie. 8888888 88 8888888. „n

8888888 448. 88888888 888 8888888 8888888888 um 888,

· 248. 88448 88 8888 · 8888888 einen 88888488 888888·

8888. 250. 8888818 888 8884888848. 888848 8488 88888· , 1

888 f. 8884888 ein 88848 888 8488884 2888 888 888888. , ’

- uus. 881. 8. 8888. 88888. ¹ist 8888 8888488 8. wil 888

888888 88888. 81888 888 8888888888 4518. 888 · 8888 x .
¹ 88888 848 8488848888 88888 8. 88888 88 84888888 888· ’

888 488. 884 48 8848888888 ..888 - 888 88 88 888

888. mie bessseuf. 8888888888 6888888484 88888884 u. = '

‚ 88’48848888888888888888888888.8.]’88888884888888
88888888 m 8888888 444. 84884888848888888888-888· .-
888888 · 448. 88884888. 8888 888 - in 888 888481. 48888

³ 8. 88488. 8848888848 Vl, 14. — 88888 8488888488 8884888
888 88888 48888 844888 88888488. 888 moral. 8888884888.
888 88 8888. 88 8888888888 W, 858. 88888 8888888. 888
- 848 488888 888 88. 8888888888 ib. 8888 8488 einer 888
38888888 ein - 488. 8888488888 8888 488848 88 244. ’
888 8888888. 88888 888 888 ciuem 8. 8888888881 8881488.1 ,
u, 8884888. ·88 8888888888 88888. 262. 8888 88848 888, 1
844 888 88848 88884 8888881. 88888 8888 282. ,88 888

⁴ 88888848. 288. 888 8884888 uni. - 88888 888 888 8888,
8888. 8888888. 8. 8888 ,88888 8888. 288. 88. 8. 88848 ·
(884888 848 148888 · 884488 884888 bem (888 buter 48848
su 48888 484. 884 48888848. 48 84888884 888 -en 888, ¹ Ι
488. 88 8. 88 48888 8818888888888284. - 8 8888488448.
‘ 3* 888888 - 88848 m · lv, 84.

 

