,444

44444444 444 4444444444444 lv, 84. . asta mm
44 6444444144444444414. 444444444144. . ·

4444444444 4444 444 4814444 4444444444441,444 ‚ ,

4444 44. 443. 44444444.1114444444144 14144. [v111, 81.
. 444. 44] 4444444414444 4444 ΙΙ, 444.
- &nou 41, 499. 448. 4. f. bumana· ’

44444 —- 41444 44 44-44 44444. 4. 4444 41144. Vl, 44.

· 444 44414 44444. . 444 4444444. 4144444444444 4444 441444. , ;

&pst 54. 44 4. 44444 844. 44444 444 - 4444 344. 4444
4444 44. 41444. 4.- 44444 444444. 44444. 4. 4144444444
4144. 4444. 4444 44444 41444. 4444 4444 4444444444 444
¹. 4. 44444 4. 4444444444 -44 aptiori 4. wat„-
“ 444 4444444 414444441414. . 44444 4444144444. 4444
44444444-444444444444444 44 4444 444164 μοι ποῦ ςῶ 1⁵?-
4444444444 41444 4444414444 4414 144 44444414. - 4444
444444. 444 44444 44. 4444 444444. 4444441444 4444444. 44444Ι 2
844* 4444444444444444444444144. ι444444444444· , Ῡ
44. 444444 11, 3⁰. ’ ’ '
’ 4444444444 6444444444 4444. 444444. 444 4448444441,
899. 416. 447. 411. ΙΙΙ, 11. , ’ “
41444444 [v1‚ 144] 44444. 444 labello wolflonno
44444. lul-53. Vl, 18.
1444444444444444444444444144444- 8444414488.
gagen· - 4444 444. · 4. 4444 44444444. 4. 4444 4.

’ 4444.4.34444444.444444444144448. 4446444444. 444444, .
444 414444 4444444 4444. 4444 - 44 444. 4414444 444.. stin· ·

444 4444 - 4444444144 4. 44 41414444444444444, 424.
’4, . 44414444 444444 444 4444 41444144. 444444 3444444
44444444. 444 4444444444 44 44444444. 444 4. 44484444. ,
4444444. 44 4444444 . . 444. - 4. 344444. 11444. 414444.
44444 444 (444. 44444 - 4. 4844444444 44 1444444114,
824. 4444 444444. 4444 14 4444444144. 14444 44444444. .
, 4444. f. 41445. -. 4444444444 44444444448444 444 44444·
4444444 ΙΙ, 444. ’ “
. 8444444414,411.414. 444 414 4. (44444. 14 444. .

 

