1111111111. 11111 11111111 11, 11.
111111111111111141. -.· 1111111111. 11111.. 11,171.
, 11111111111111 1. 1111111111.11.1111111.1111111.11,411.
1111111111,1181.11,·.1111. ,,
. 1111111111, 1111111, 11. ,1111111111 111 -11, 1411.
841 haltamma 1111 1111111. 1111111111 141. 1411. 1111
6111111111111111111411.111.1111111 111- 1111111·
. 1114111111111.111,,814.·1’11ηοι 1111 1111111188.
11111111411.-1111111111111.1111111111.·111

, 1111 1111111111 1111111 ·

1111111 11, 184 11111141]

11111111-1111111111111 . 11, 11. - 111. ’

11111111111111 11111111 31111111 11, 11. - 111111111-
1111 (1 1111111) 411.-111 11111111 111111 111111 1111111·
1111111111 11111.-111111111111111111111111111
11111 11, 1111 11111111111· 11111111111111111111,411.

-1111 11111111.1.1111111111 11, 111. 118 ,

„f 11111- 11 111111. 111111 11111 111· 111111. 1111111
, 1111111111·111111111111111181111,11111.-1111
11111 1111111111 141. 1111111111111111111.1111111111
’ 11111 11111111. 11111 111 111111111111. 11,·141 1111
111111111.11111,11111.11111111111114411111111111
11111111.) 11,· 11, 1 3111111111111111. 1111111111.
11118. 1111111..1111111111.11 111111111111111

' ¹ 1.1111.11111111411

’ 111111-11111111111111111111111111. 1111.
¹ 1111111 u. 11111. 111, 111. ,

&t- 1111111,111,11111. 1111. 6111111111 11. 1, 1181. .

1111111111· 8111111111)11, 141.

’ . 11111111-1111111111111111111111111111111111
, 1111111111. 11111111 111111111111111 11111111.

1111111. 1111 1111111111111111111.1111111111111111
. 1111111111 11111111 11, 1111 1111111111. 111 1111111111
11111. 111 1111111111 111 11111111 1111111111. 1. 1111111111
1111111. 1111111111111111111 111. v. 11. 1111 1111

1

 

