n

99111111111111
911· 11111 911991. 111 911111111111999. 1111111111 ’

het 11111111 1111111 1111111 111 111 1111111.- 9111. 111·
9111111 1111111 11 111. 1111. 1111. 111 111111. 111111-11
,119 919. 1111 111 111 9111111111 111 111111111- 1111
111 9111 11111111111 11111111. 11111111. 1. Vll, 11.
11 111 1111111. 1111111111911111111111. 199. 11
1111111-111.ξ1111.1 1111111111111111189. 111
1111111111.1111111μ11111111111,999. 1111111911· ,
111111 9111111111, 999. 31111111 9. 469.
111111111111111119111111119111 1111. 1. 11199.

9111111111111111119111111111.1111111491111 -

1. 611111 11111 1911111 11111111 11191. 1111111111

“ 111111 1111111111111111- 1111111111111111111111 ,

91111111 11 111 (1111111. 494. -
’ 1111111111 111 91111 1111119111. 1199111111.
9911111111 111 111. 1111111 11. 1111111111111111,111ι
111 1111111111111 1. 911111 1. 1111111, 11111. 11111
11111. 111111. 1111111111. 11, 94.
1111111111111 11111. 91111111111111119119.
11111111-411111111111 911111111111111911111
1111111111 11111111111111.11,191
.,111111111 1111111999μ-1111111111---11ὶ111111
11111 111 11199.
1111-911111111..11111191111111111111111·
111 111111 1111 111 11111111 111911111111111111111111

1,.999911111,9111111111,111111111111111.11111·,

11111999. 11911111. 111111 111131111111111· 111111
9111111114. 1111111111111131111111111
911111111111111111,1.111111, 1111111111111111111·Ι -
11111111 111 9111 111. 111111 1111111999111111 111111
1111 11111111 1119111 1491. ein 1111111111 111 111.
11111111. 111, 19. 1111111111911111 1111 1. 111. 911
mummwmwmwmmmm
σιν, 419. 1111111111 1111111 111 11111111 1. 111 11. ι

s a
Ι

 

