m-
11111(11111111.) 11111111111111411111111141111
11111111.11111’111,284 -

4111141141 -· 11111111111111-111111.111 1. 111
1111441114 111111. 11111111 111 1. 611111 111 1111111.
’11111111111111 ,

1111141111 111 11111111 11111 1411111. 111111
11114 111. 1111111 1111 11141 11111141 1. 1111, 181]
- 11111141 6111111111 1, 11. 11111. 1111111114111111,
1811. 11111. 141. 1111. 1111 1114111111. ¹ J

Δ 11111 -.- 111111111111 111111. -11, 111 1111111 111
«1111111. 111114111 1111111141. 1,,11. 11111111. 111. · 111.
stimme 111 1111 11161111111111114141111 11111, 111
1111 (1111 411181. 1111 1141111111 11181111 111. - 1111

1. 111111 (111 11111141.)11111. 1181 1114111 11114111 ,
111111, 111111 - 11 (111111111141111 111 &an 1111111811. ·

1111111 11111 61111111 111 111111311111111111. - 41· · ,

111811. 1111111.ὕ11111111111.111.-,1141141111111. ’

· 11. 1. 1111 111111 1111111111 114 11 111. 111. at. 111
’1111 111114 111 1111. 11111111 411111111141118. 11111..
111111 1. &utun 11 1111. · 4111111111. 1111111, 11111 1111
11 1411 1111111111- 114. 11111 61411111 1111 11111 ·3 11
11 11 11111 (11111 11 41111114 11 111 11111141 11111 111
111. 11111 11111 11111. 11111141111111 111. 1114111141 «
“ 11111. 1111- 1111. 1111111111111111 1111111111111111·

11111111 111 11111. 1111111411111 11111411 1111111 ’
11111, 11 11 (1111 111111 111 111. -·11. 1411. 1111111 11. ’

.. (1111114 11 111 11111111 1111148. 114 1111111. 111.
-1111111111 11 11114 111111, 111141 1111111 1111111111.
111, 1111 1111111111 11. ·3 ³ 11111- 1111111111, 11111
1111111111141111.111.111·111111.11111(111111

’ 1111111811.1111111.1111111111111111111111111141. ·
-11111111111111111 1111111111111111114144 1. 611.Χ

- 111111111111111111.(1111141481. 1111111111111114
11111111·11111111111111111 11111111111111 111,

141. 111- 1111111. 111 1111141· 41 111. 11 1111111

 

