m ·

, 1 .
11111 a 1111 1111111. 11 1111 1111111111 ¹
, 1111111111οἱ- 111 11111ο111. 1111. 1111111 1111111. 1,
111. 11111113111111 111 1111111111. 3111111, ·1.’31111.431.
0111111111 11 1. 111118111111111 111 11 111 - 1. 1111.

, 1111111 111 111 31111111. 1111111. 1. 1. 411. 111· 11111 ,

ῦ11111111111111111 (111 1111 11113111 1111111) 11, 71 1111
111 3111111111. 1111111111 ,11 113 111· 1111111111 1111

· ,’,1.11111111.-131111111. 11111111111131111111311111,

111 11111 11111 1111 11111111111111. 218.¹ · 111111 1111111·
111131 1131111111. 3111111113. 311111. 1111,Ἇ.111;
- 11 1. 1131111111 111 111. atam m. . (1. mma. 178.
Ι313.) 11111111. 1111111111 111 1111. -’ 111, 111 1111. (11.
111111.) 334. Ι11113113 111 - 1161111. 11 1111111111 4311
6111111111.. . 1111111 1111111. - 11 1111111111 135. 1111
1311111. 1111111111111111. 111· 111111. 435. 11111111. 111
- 111, 318. 111 111111. 113 1311111111. .. 11111111 11131111
111, 11111 111 11111111. 1. 3. 111 111111. 1111111 1.

, gang 11113 11111 11· 1111- 11111111 3. ,1111 11111111· 1

11111111 11 1. §mitt 1111 111111 1111..111·111,111 111·
1111. 111. 13. 1131111111 111 - [m] 1111 111-11. [111]
- 1111111111111111. 111 Sug. 1111, 431] 1). [434. 111111

·- θ111 1. 111 11111111 11, 433. - 111111111111111111, ;

1111 &dm 11. 1111.

111-η’ 1111111111 111111 111 13111111. 111 111111.
1111. 1. aum 3111111111 &itum 1. Ι111 1111111 ’1111111
111 1111 1111111111. . 1. 1111113 111111111111 1,119.

ἶ 111-11. 31111111 111 1111111 63111111. 133111111111-111 ’
11113 111111 1111111111 11111131. 111111111111133. 111 1

„ 11111111111.(111;11111111111111111 1111111111111111 ³

11 111 - 111113) 1113111 1111111111, 111 -1 111111 11111- ff
11111. 1111111 11111 11111 111111 11111111 339. 111 111· ,

11111111. 31111111 11111 11111. 31111111 434. 11131111111111
111 1111 1111111111 -3 11111611 131 11311 111 111161·
11111111. 414 111·111111111-11111 113 1111111111 111

 

