.’ 211 ’ Α
11131131131111113131331 111133111.3111’131.·Ἰ
111313131111.1111,331.

1131111-3131131111311 1111111, 313. ,
331311 311311 33111. 13113.,1Ι 11. -1131331111331,

. 3131111 111111313133111113 m 1. 311311 11311 311,
3111113. 311 -.1. 1113111111 1113131131. 31113111111111111,
1, 113. 113111113113. 111 31111111111 13311131 31131, “

“ . 1131111 111111 3113113. 11113111111111111. 111111

1311. 311 31113. 311. m. · 3111111, 1111111111 1. 13111,
3113111 1311111. 1. 11. 3313311311 11, 33. 3113113111 ·
11111311 31111 11113 113 111111 111131. 3113 31131
311 ·3111.; 1111 3111311 111113 111 311 - 1. 311311
’1311111 1111111311 1111. 311 11111 3113113311 1111311
6311111 1111 3. - 1111131111. 31111133111113113 311
131131 311311 1111313. 311131 1. 31131113. 31311 111, ,
1113111311 1131 3111 - 31331111 1. 1111111 111 1. 1111111
111. 1. 1131111113.-11311 - 111131 311311111311311.)
in 1. 33111 11, 333. 11131111111111311 11111 ¹· 131·
· 13111. 111111. 13113113. 1111113. -11111131111, 11, 311

,11311111 -311333111111131311311 (33111) 11,(11.

31111111 11311 1111113113131 31111111 1111.- 311 .

’ 31113311. 3113311111 1111113111 1. 111, - 1. 1133..
. · 1111131131. 1111111 131111 131113111111.,111311111 11,,-

131 - 11113. 3131111 311 3131111111311113311111111
111311111141.

3131,1113111111111111113.11,33.

313111 1. 311311 1111311 1113.11113111131111,333,

11113111111111-1111131111111,331.[11131331

311111 1113 11311 11311 1111 1. 3131111. 11113111. 31
1131113 11, 13. 3311113111 3131311131. 13. ,

131-3111131131 311 13 113 311 31113111113111 ’
· 31311 1111, 11111 131 3111. 113 11 11113111111118311
3133113 313111. 1. 1, 111. 311 3131113 (311 3111111111.)
331111. 311 311311 1. 311- 11, 33. - 31311 - 131 313111
111- 31311331113 11, 311. 1111 311 - 1111111 1113131 ..

111

 

