, · 111,
11111 111. ι,1..- 1111 111161. 1111111116.. ’

(1111111161 Vl, 22.’- 111 1611111611 111111 616 61111111
, ‚ 1111111116 11. 11, 114. , .

111166 611611611111661111 1111 1116111111 1. ’

6111111 1. 1111111116. 1. 611111 111, 26. 1. 161111 1. 1111
261. 116 - 611 161111. 611 611111. 161 1111 11111111, 121.
616 11111 611 611111 1111 (611111 11111 611 - 11,126.
(1616111111 αραι 11116111 εργᾱ 1166.)

61111611111111 11116 1111116111.111111111611111
6111111. .11,462

1111111111 6111111 11611 6. 1111111 111111 11111111
11, 16. (11.),

1111 - 11111111 1. 111611 - 111111. 6116111 111, 61.

1111111111 11 6111 1161111. 1. 11111. 1111111, 1111111
¹ 66111616. 16. 6111111111. 11111. 61116 111111. 112611.

611 1111161161 116111--1111 1111111111. 1. 1111111661·
111111 111 16 6111111111111 111. 1116. 11, 6461. 6111116.
1661111111 1161. 1111111111 1611 16 11611116. 116 6. 1611.
3111111111 11111111,111.111 161111111611161111111)
611· -611 111111 11111111 6111111 11 111111111, 66.

heumann (111116111111111)1 412. 61161611.
, 911116.1161161111161111111111611.

’ 1116111111 111611 1. 111161161111111111(61111111)11,
“ 616. 116111161116111111111611111618.

6111611611 116 6. 11111111 616 11611. 11, 2114. 111,
161111. . 211.

61111·- 6111111161111 611 3111 116116 111 111-,
611 66. 1, 161. 11111 116.. 6. 111111 61111111111111
11111116 11111116 1. - 661· 16611 1. 1111 11616 (611111. 126.
Δ 61111111 111166111111166- 1111111111
11. 11,111. 11111116 11116 6111111611. 611116111116.
1111111111. 111, 261. 111. 11111111 11111111121. ,

bere 11 1116161661 11, 166. 116. «11111111111111637.

6111161161, 616 11161111 11, 168. ,

11111, 161, 1111611161111111 1611611 61111111.

 

