Ι Ι Ι
C
655 ¹
ι ι

,15. 15. 11155511. ιιι. 151. 115 5811551 1111 1,·155.
155 1115151115111151155151 111,75.1,514. ι
15, 55. 5111. 55151111. 11515511. 555 515111. 51, 55. ι

15, 15 ,515 111 1155 11111. 5ίι1ιιι 55511551 11, 451. 8

. 15, 55. 51511151 15. 5155515. 511, 5555.

, 51,.15 ’55111555 11ι 5515515. 551111. 515 ιι 115 ι.
’ 11111.1ιι55111,115.

· f 555 511151111ι51ι5ι15.51511ιι. 51551 11, 751
415. 5ιι5ιιι ιι 11511 ιι. 11, 454. -
98, 8. πρωτοκάθεδρα 1515157 β81581551. mv, 188.
55. 115. 51511151. 5551151111. 5515515455.
54, 55. 55115115. 511151. 55115115. 51111551, 151.
55. 1555151115. 55111“.111ιιιιι15 ,515111 11, 455
77, 66. 15 111511 511115 1551 1155. 1111111115 15 ιι 1, 451.
’ 551525555115111151 5111155151. 515155.
1511115451. 5111111151 5111151151,154
5155 511111 515 515451.
1547. 515111511511555511 1115111111 Η, 154.
14, 51. ιίιι 555 5155115 515515515..1115155 1, 555.
511. 11, 46. 51151 1115511 (1. 5515111) 15, 555.

ι , 15,.5 ιι11 1515 mun 115 551 1151115 5.ιιιιι55 515

’ 511 151151 111511 111, 155.
14, 55 5555115111 5ιι5. 5111551. .11551515151 5, 155
16, 55. 51151. ..1 111115551111115151155511555.
15, 55. 11111. 1111115515. 1515. 1115515115 515 5155
’ 55511 111511. 1115. 5515511111, 455. “
¹ 54. fle 1111151151 5ιι 111155 ιι. 1, 454·

- ’ 1555111. 51ι1551151515ιι5ιιιιι11 5117111

1115 eines ,51555 ιι. 1, 515. 455

’ ’ ιι, ιι. ιὲιιὲιιιυῗῗιιι ιιι. ιιιιιιιιι ιιιιιι ἰἰιι ιι. v, ι
ιι ι

. , 51. 5ιι5ι 11 5ιιι 5ι5ιιι 511151 ιι. 1, 511.
. ’ 14, 1. 5. 511551 51115511 5. 55511 3115 5155 1115 15555

,151 511515. 555 5ιιι 515511 1, 5551.

V ’ ..515. 1,11. 55 1111 11 15151155. ιι. 511, 455.

 

