Ι .

4444 444 4144444. 4444444444. 4. 41444 444 4441444444(
(444. 1799 gu 4444144444 44 4444144, 444. 1749 4444444·
4444.’ 44 44444444) 11, 449.

4444444414, 457. 41444444. 444441. 444 4144444444.

4444444444 444444 4. 644444 4444411, 491. 44 4444
444 44144444 44414 44444 441414 44. 444· 44 444444. 44444
11444 414 - lu, 49. 444444. 444 44444 14 444 - 49. 414
9944444444 444444. 4414 1444444444 4. 9144444. . . 44 - 4.
44444 1444114444 44444. 1114 4. “ 4444414444 444-4414.
4. 44444. 94. - 41444 41444 64444 (44444.) 147. 44444·
44444 4444144 444 444. 144441. 4444444 Vl, 49. 444
34444 441. (4444. u. 444.. 4444 44444 4144441444. 44441444.
41. 3444444 444 ..4444 4444 (4444. 4444 4444441. 4. 4. 11,

“ 444. 444 4. 444444 494. 4. 4444. (444 444.) 41444. 44

“ 44444. 4. 444414 444444 4441. 4411444 4444 4444444 44444. ‘

‚ 4444444444 45. ’ ¹

4144444444 ΙΙΙ, 449. v, ⁸4· 444444 4414144444 144
4144444 11, 77.

4444444444 -· 4444144444 444 - 114, 41. 44. V, 49.

’ - 4144444 (44414. 444 4444444444494 444444· 4. 444444.

4. 44444. 449. 444 4. 4444 4444 -44 (44444444 4444 441444
³¹¹ 414494444111ἷ44144 καὶ 4γώ ποιήσω ’ἱεροφάντην {ugk
6444. 444. 44444444444444 4444444444 474. (4 64444.)

44111(14444444444444444.Ι.4441.1754. 6444414494.) Ι

’ 4444444444444444 41444 - 1, 444. 4444444444411,44
44444. 44444444, 444444444144444.4414·111,4144.
4494. 449. 449. 498 f. 447 f. 444. 494114. 444 44444414
94144144. 147. 1744. 4144 1441444 444 4444 444.
444. f· 44414414444444444 1144444414. 444. 444 444. 149.
14444444. 444 944. 9444444444 4444444147. 474. 444
444444 449. 491. 44444444444444444. 44 1. 44444449.)
4444444 - 494. 4441414444 44 44414 (1747.) 4944. (444.)
44441444 6444. 41444 44444. 4. 4444414 444144. 1, 449.
44444441- 6441114444 444 44441444 4444 414444 444

..(4 44444 11, 444. 444444.. 444 44 444 14444 1144444 4 Ν

 

