²55.
11111 - 1, 117. 111111111111111111 11 111111 111
11111 111111 111111. 11111 &msa 1111111· 1. 11111 ’
§metae 11 111111 481. - 111 (11111111 1111111111. &eia
· 11111111-11. 11111111-11 11111111 1111111 11111 ’
11 611111. 1111 1111 11 111111 111111, 11111111 vll, ²⁶6:
1111111. 111111 lv, 265. V, 1111. 111 1111111111 111
’11111111111111 -11,111. 1111111111. 11111111 (11. 11111111 1

6111111111.) 11, 111 11111 1111111111. 1111. 1111111111,
-1 1111111111 11111111111111111, 15. 1181111111111

Julian 11111111 11111111 .- 11 111. 1111111. 11. 11 111 ’,

, 1111. 11111 11111 11111111. 111 1111111. 248. 1. 1111111111

1111111111 τὸν Βασιλέα “Hhormlb 111111. Μηῑέρὰ xufiar' Ι

91111111. . 111 11111111 1111. 11111.. 1111111111
111 1111111111 1111 1111 111111111111111111. 1. 111111...
11111111111111. 1181. 1111. -1 1111111 1111 111111
1111111111 11111113. 1111111 111 1111111111. 111 -11
zera. 111. 1111111111 111111111119251.

junctura 11111111 11111. 87. .

11111 11111 11111 id) 1. 1111 1111 11111111 11111111
11111 1111 11111 1111111111.111111111111111111111
111, 115. - 111111 1111 1111 111111. 1111111 1. 11111111 ’

, ’ 111111111111“111,168. - 111 61111111111111111 1111.

· 1111111111111118.1113111111111.11111111117.1111 , ’

1111 111 111111. 3111111111 11111 111 111111 11111111. 11111
1111111 111111. 11. 111111 14111. 11111111 111111 3111· Ἀ

¹ ’1116111111111111111111.ῑ111,11..-3119, ,
· 111111111111111111111)ΙΙ,174. 111111 11111 1. 1111111. ’ ,

11111 11111111 111 11111 111 ·’ 115. -, 3111111111 mei* Ι .
,111 11111111 111111 1111111111 111, 111. 11111 1111111
tachos 1111111111 do 11111111ιί11 11111. vitg. imma&

11161111 1111111111 858. 111111111111111111-111 x .

fd). (111111 111 111111116111111111. 111211. -1111111111
115. - 3111111111111111 11111. 111. - 3111111111 111 r ’
· 1111111111 11111 1111111111111 11, 481 , '.
¹ 1111 -·-’- 1111111111 111111111111111 11111111 =

 

