1

12⁰

¹ 111111-1111 1. 1111 11111111.1·.’(11111.111.11111. 1
3 1111111111 mitten 11111111111111 111 1. 11111.

1111111111115. 111 1111111 111 111111- (bon-sens) Ie·
⁷ 111111 111111 111111. 1111. 441. 111- 1111 11 11111
11111111 Vl, 11. 1111111 111111111111111,11. 1
11111111 11 1111111111 1111111111111. ·-· 111. ¹
111111 lv, 411. · “ y
11111111 1111111 1111111. (111. 81. 81. 11, 111.)
cultellus Flacianun IV, 259. Vll, 98. [v1u,888.1
. 1111111111 (111 1111111111) 1. 1. 11. 1111111. 11111.
1111111111 Vll, 111. (1111111111111111, 11111111 1.
1111111111 e. 1111 11111111 11111. 1111111. 1
1111111 -11111 · 111111 111 11111 111111. 111111. 1.
11111. 1111111111,1111. 11111111 111 11111 111111 11
111111. 1111. · 111141. bem· 11111111111111111111.
111 ein 11111111 (111. 111111 11 1155. 1111111. 111111
1111 1111 .- 11111 11111111 111111111117. 11111111.
11 4141. -1111111111111111111111111111.

. 11111. 1111111. 1111111. 111 - 11111. 11. 1111111 11111111.
111· 1111111111. 11111111. 1. 11111. 1111111111111111111.
11. . 1111111111, 111.

’ 111111 e. 11. Θ11111111 11111111 111111 1111111111 11
1111-11,111.1,91.11,141. 111 1111111111 1111111111·
111111. 111111. 1111111 111111 11111111111111111111111
11111 1111111111..1.1111111 211. 1111 1111111111. .
1111 11111111111111111. 11 111. · 1. 1111111111. ,1.

’11 1111111111. 1111111 111 111111. 1, 111. 111 11111111.
11111111 1111111111111111111111. 111 - gem. 111111
111111111111,111. 11 1111111111 11, 44. 1111111·
1111. 11111111. 11 11111111 111 (11111. - 1. 11. 1111)
1111111111, 51. ’ ’ ’ “

,’ 1111111111111111111.. 1.1111111.11111111111111111· ’

’ 11111111111111111111.1.11111111.1.1111111.111 6111.
1111111111111111111.11111111111161111111111111.

Ι vll, 111. - 111111111111111111111111111111 Vll, 11.

 

