N
,111

1111111 1111111, 18, 1111111111 11.. 11, 4911. 111111 .
111 11111- 1111111 111. 11111111 11159. 1111111111111

11111 11111111- 11, 81. - [111111111111111 111 11· ¹ ,

111111 1111111111111, 118.-Ι 11111 111111 1111111111
1111, 194. - 6111111111 111111 &ie 11111111. 111 ,
1111111111 1111 111 1111 1111111111 1, 118. 111111, 1111.
ιι. 111. 111. 1111111111. -1111111111111111.11,119. x
s' 1111111111- 11111111 1111511111. 1111111111 1111111
-111 11111 111111 ιι. 111 1111111111 1111111111 ΙΙ, 111.
11111 · 111111 11111111111111111 11111111 1111111 111·
(1111111111 111 11. 189. 1111 11111. 11. 611111111-

· 11111111111111111111111111111), 1. 111-11111111
1111111111111111111111111911.Ι 111111111-1111 “
· ’1111111111111111111111111111111111.281.ι

1113111111 zeta 1111111111 111 1111111111111111 11
111111111111111111111111111111111111111· 11111211.-
6111111111 1111111111 11. 1711 1.11111 1111111111.
11111 11. 111111. 1111111111 1. - 11111111 ιι. 181.

111111111111111111111.1111111111111111111· “ x ¹

111111. 181. 1111111111. (11111111. 11111-11. 1821. 1111.
11111 1111111111111. 1111111111. zu 11. 1111 181.

1111111 11 11111111111111111 111 11111111 11111111 1. -

181. 1111111111-1111111 11111111. 1111 1111111111
11. 1111111 1. 31111111111111 1111111 111111 111 11111 ’
11 11 111 11 1111111111111111111. 188 11111. 1111111·
111111111111111. 111. - 188. 1111111 111111 ·, 111. 11

11111191. 11111111. 191. 11. 11. - 11111 1. 1111111111·

’ 111 1951. 1111111. 111 111 1.’· 1111111 1111111111 1111· ’ =

1111 1114111. 11111111 1111111 -111111111111 1111 11415. ¹.
1111111 - 11111 1111111 1111 1.· ’111111 11 1. 11111 11111
611111111111111411.11111 · 1111111111 ιιι 11111111.Ι
311111 11111111, 11111 111 111· 11111 111 11. 111111

31111111 11111111 11111111111418. 1111- 111111111111 ι
·. 11111 1111 1111111411. 1111111111 111-111. 111111 “
ῥ1111111 111 1. 11111 1111 1111 1. 111111 1. 11111 1111. ,.

 

