’ Η1.“

1.11111111111,8111111111111111111111)111,818.888.
881. 8881. 881.
111111 1111111111 11, 811. 818. 11111111, 858.

111111111111111111- -11111 1111111111. 811111 11111111.
·111111111111’111111 111, 55.

111111- 111111· (11181111)11111111111111111111

8111111 1111111111 1, 88. -11, 1111111 11111 1111 81111. 11.
1111111111, 1111181111 111111 8111111 11111. 111,456 8111]
11111111, 1. 11111111 111111 1111181111. 111 81111111. 11.
111111. 1,(18. 111. - 11111 8111111. 81111111. 1118111111 11.
111111 1. 81111 1111111111 1111 111111· 1. 611. 111111 141.
-111111 111111 111 1. 81111 111 111 11111 111 ΙΙΙ, 186. 111
· 811111 111 1111111 11 11111 8111111111. 11. 8111.Δ 11111111.

11111. 111111111111111 1111111 11111111 111 11111111. . .

· 11 1111. 111148. 111 ·1111111.1111111111111 1111111111 ’
1111111 111 111· 81111111 11111888. · 11. 111111. 11111111 111
1. 8111111111 11181188. 8811111111 111 1111111111 111.
8111111. 11111 11111· 11111. 11111111. 11, 11. 1. 111111 81111
11. 8111111111.

11111 - 11111111111118111111111) 11 11111 1111111. 1.
111111·11111.11,246.1111111111111811Τ1111111111111.ΙΙ,368.

1111111111 8111111 11411. 111. 1111, 151. 11111111.
8111111111 111 1. 81111 1. 11111 81111 111111 1. 1111 111

1111111 11, 88. 81111 1111111 11111. 1. 1111181111. 1. -111 ,

111111. 1111111111 11, 88. 11111111181111111111111881.
111 81111 11181111. 11111111111111111181111811111. ’
11111111811111111111111 111111 111 1111. 81111. 1. · 11
1111 1111111111 1111111111 1. 118. 1111111111818.

11111, 1. 1., 11111111111111. 31111111. 11111. ’

8111111, 1111111, 111.

(811111 11111. 8111111. 11111111,188. 1111 811111,
11111111 11 1111· 1·1. 188. 111- 111 811111 1111111111 111
111111 1111 ὕ111111111111111.111,881.848.1

811111111111,88. -811111111111111, 111111. 11188.

9*

 

