,666Ι

wem). 66166616 gu 66666 56. 661 6166 66 6611111616.
66 661661 11666666. 6666616661. 58. ,616666 6666. 6116616661.
6. 6166666661. 61666 666 6666666666 6166666 6666 6666158.
616 666661661666666 ·6 661616 11666 16666 6661111161 moa
6666) 616 6666 61666161666661.11-6666661661666
66611166666666666166 6666666661466 1161116
lectus, soloecismus3 66611 66661666 Vox pop vox
· 1111286 1666166166.ς 6666161616 em. 18.- 66666.
6166, 161 6166661666ς 6661166616. 6. 618 .6.1,
56. 666 6616611 6661. gem. 666 6666166616 666666
men 66 166161 666666,6666666 166666. 61661161,
4411. 1,’.1166ης 661166666666 616 11166666616616666
16661666166, 1’.“1166661 61’66116616116661666,.6’66
GMfflmm. MdeAmm .lomhhws

11616. 661 16 ‹loigt dun 11166 qui 66 661666 pour 661116 . ¹

66616 1666661.υηῦ qui 616666 en 66661666666616.
do 666 exist. 61 de 66 66166616 6666. 371st 6661116
” 166..6.6666.. 6. 661. 661111 66666666. 1,85. ⁶
7 666616 6666 6. 66666. 1, 76. 666 1166666666 611666.
·6 137. - 666666. 6166611. 16 616 616661. 66661. 666 6666 “
16611. 1161166, 666666. 16 666166. 6661611666 1, 168. 66
66611666 61166666 666 6666161666 - 666666116611661..
66666. - 666 6. 6666. 16 6. 1166666666611169. - 66.
66 166 6. 61.. 16 6. 6. 6666. 6. 66666666 661666 16 61616666
&tt 166 6666. 66616158. bete 66616661. 66666666 . . 666
6666666166 61161666 .. 666. 666666 666666 .. 66 11, 265. '
616 (1166. 666 1166. 66166611 166 616 16 6666 611616. 1116616
(666661. 666666 666 1166666) 611666. 666 6666666 11166.
u. 1666666 661166, 61666 61611611 6666111616 616166
66661666 666 6. 666. 666 (66616661166666 6666, 6. 66
666661. 616661 ..6616666 66 not 6. 16616666 366616.
6166166 661166 66616 216, 666 61661 666 11666666 bet 6666

161 66666166 66116. 16166 666 6666 m. ²82. 1616 616666 ·

666666 6166. 6666666 6666. 6116166 6166. (661666 6. 616
6666666 1161616 66166 66 166 6666616661 (666 666666).

 

