· 241 -.
4444 4444. 44444444ιί4444 4444. 4144444444. 444.- 244.
(444. 244.) 4441, 44444 444 4444444444 444 4444444444 ιι
s 444444. 4·ι444ι44 444 444444. .444 44444. 4. 4444. ιιι .
4444444 ιι. 41444 242. 44444. 444444· 444 444 4444444..
&utet 44, 444, 44 ιιιιιιι ιι 444. 444 4444. 444. 444
4444444444 44444 ιι 444 4114444444 ι 44444 ι. 44414444.
4444444444 444444. 4444 4444· 44 4444444 ’4441444444 ᾗ
’144 441. 444 ιιιιι 44 444444. 444444. 4444444 4444.
444 4444 44444 444. 4444 44 4444444444 4424.. ιι.44” ,
41414444. 44444444 44 444 4444444444 44444 44444· 4444 44
44444 ιι. 44444 44 4. 4444 44444 ιι 442. 4444 44444444 ¹
,444 44444. 41144.41444444.44444444,·ιι., m51d55n5d55*ge*
44444444 ιιι 444444 . . 4444444 444. 44444444 444 444444 x '¹

¹ 4444444444444ιι444444444μ444. (4444144444 414. ‘
441 444. 5 44444) - ι. 444444· 44444 ιιιι 4444444.

ιι. 44444444 ιιι 4444. 44444 44444444 444444. 44444141,1
8855.- 444444 444 444444 445. .
’ · 44 44144 4444444444. 4. 4444444444 444444 ιι. 1, 42.-

. 4. 44444 444. 4444444 4444 4444444444 4., 4444 444 44 444441
44444. ιιιι 44444 444 4444. 444. 444444 4 444. 444444 44444.
4. 544. ιιι. 3444444 11,’ 251. ιι. 4144444444 514. ιι. 44·
4444444. 4444. 4444444 44 44444444. lv, 145. ιι. 444444·
44444444 144. 4444444444. 6444444444 44444 ιι. 44·
4444. 444444 114. 4444444444ιί4 444 4444444444 44. 4. 44444 .
ιιι. 44444444. 114. 444 4444. 44444 444 44 ιι. 44441444 4. “ ’
3444444 444444 4444444. 444 444 44444 34444444 44 444444 4. · ,
1444 44444. 44444. 4444 444. 4. 111. 444444 4. 44444444.
44444144.. 44444 monn. 4444444. 44444444. 444 444444 444
4444444. 241. 44444444444444 254. 444 ιι. 4. 4444. 444444. .
4444. 444444. 244. 4444444444 4444444 444. ι. ιι. 44444 444.’
444 ιι. 44444444 444. 4441441. 4 4444444 44 444444 ιι. vl, 24.
444 44444 4444. ι. 4444444444. 44444 ιιι. 4144444 4444
41444. 4444444411,21 4.ιι4441444. 4. ιι 44444. 84 344444
44. bem 4444 ιι. 41444444444424- 4444444444
tem 444 2144444444 11442. 4444444 ιιι. 44444444 44444.

 

