4468 Δ

666 ¹bie 6666. ι. 66666 161666 6666666616, ιι. 6. 66666 1
6666616666 6666666 6666 666666. 66 666146. 616166 666 6.
11666.. - 6666 6666666 666666. 611, 6746 81. 666166.

666666 6666666. · 16. 66666 ⁴ 6666666 666 6., 666 6666 6. ·

66666666. 66. 666 616. 6. 616666. 66661 - 66666. 6666 ι
6664166666) ιι, 866. eiu - 616 artis 66666666 effectu·
66661666 ιι. 666. 066666666666 666 66 6666666666 ·
Γ 6661166166 1116666666 1116. · 666 6666666.- 61166666666. ξ
6111, 174. 666. 66666666 - 666. (6 366666666666666611,
86.) - bona 66661. 61161161 -66611, 161. (661. ’166166 ¹
ιιιιιιιιι 16666666. 66.) - 666666666666666 6666616466 11,
166.16,166.
666666- 6666666611616-6.616’66 mm χ
6666666666- 66 6666666 mmo 36666 66666
bena 66666666 111, 616. - ·
6666, 6.6666 6666663, 6666. 6666666666 66661166
’ 666. eutr 666 66 §cua 6666 1166 61, 114.
666666-6666666661666666666666-,16 446.
66661666 (6. 66666) 1,116. (666666) 611, 416.
6666666666. 66661.
666616, 66 666 ιιι 6666 666666 ιι. 66 66 66666666 616
6 6666 666 666. 66 366666 666 ιι. ’666 6,66661 m
’ 06616 ιι. 66666 6666 666. 6666666. 11,116. 66666 ιιι

’ 666 -66 416. 66666 666666 6. - 66 6666666 416. 6666 . m ἱ

, ,66666 666666 6666 661666 ιι. 416 6. bet Ι66666 666 616666
- 66. 6666.. 66616666 666. 666 6666. 616 6666666666 uum·
666666, 66666 66666. 66 - 6666666161· 6. 66666666 411. b.
1666661666 16 - 666666 64666666 6666666666 um 666
&men 66 66666. ι. 66 6ιιι61. 416. 61166 16666 6666. - 6
616 666 666666· 66. 616166 468. 66666666. 66 66666 61 J
, 166666 66666666 666 666 - 6666666 111, 61. 666616 6. - 666 1
66666666. 666 ιιι. 6. 66 6. 6666 616 6666 66666 bei·
ιιιι 666. 6. 66666666. 61, 661. 6666 16666666 6. &zeben-
·· · 6466166 1, 166. - 66666 666 6666 66666666 -66 66 vu,
66. · 616 666 ιιι ozam. 666 666666666666666116.

 

