ἵ 824

8888. 88. 8. 8888888888 8888. 8881. 8888 8. 1888888818
8888888881188 88 1888 8 88 888· 888881. 888 8. au '
888888, 8888 8ιιι8 888 8 88188888..888888 8888888-

, 8. 88888 88888 88888. 1818. 1888 88888 888 mein 88888
88188 8888188888 888 8888 88888 zu 88888 8888 888- 88
8888. 8888 888 888 88888 888. 184. 888 88888- 8888
8888888888, 888 8. 88 8. 88. lv, 148 8. 888888 888 ιι
88888. im 888888 8888888. - 148. 8888 888 888 - 88888
888 38. 88888888 8888) 8888,188888 8818. 88888881,
1418. 8888888 888 88 88 888 8888 8. 8888888888 888 88.
8888888 88888888 888888 888. 88. 88 et 88888- 88 888
8888 88 888. 8888 18 1888 au 881888 88 818888 8888888
888, 888 88 81888 8811888 888 88 8888 ιι. 8881888.1888888
888888 8. 88 8888 88 88818 888 88888 &teum 88 8. -88
888. 888 88 genus 888 88888 888. 88 88 8888 888 88 888

’ -88 88888888, 888 888 8. 88888 8818888888. 888 88888888.
88 888 8. 8888 -88Ῑ8888, 818 888. 8818. 888888 - 8. 88888
818888, 88888 08888. ..88 8888888888 8888 888 888 88
8888 888 8888 88888888888184. 888888 8181888818.. 88888.
8888888 88 888 888 88188 881888. - 888 888 88888 888888
88888 8. 88888. 818. 88 8888888888888881. 8888888 88 ’

‘ 8888888 888 88 8888, 88188888 888 88888 888. 888 88888 ’
888 888 8888 8888888888 8. 8888888 888 - 88 (8888888888
’ 8. 888888 111, 11τ 888888 8888888 88. 88888 88 88 88888888
- 88 88888888 888 888 8. 888888 8. 8. - lv, 41. 1888888-

888888888888 188 88888888 8888888881888888888888 ζ

8888 'l'ym 88 81888 88818. 188. 8888. 8888888 8ι8 8888 .

-88 88888 8. 88888 888 8888888888 88888 88. perpetua
88881118 V, 841. 8. -88 88. 888188. 8. 8188888 88888 1111, .

188. 841. 8. - 8. 888 888888 8. 888888. 888 818 888 8.
88888 888 88888 8888888888 88. 8888888881888 888 l
· 888888 888 -88 88888 8. 888 · 88888 81.. 8888 88 ’8. 888 8
, Ι88888 88 8. 818. 88888 88 8888 88 88888. 888 888888 8888 ἶ
888 - 88888888. 8. 888 88888 88888 88 8888 8888. 8. 8
888888 8. 188888 888888. ibid. Ι8888888888 888 888 888188 8

 

