,11111

· 44 444. 44 44444 44 4 · 4 44444, 4 4444
1411411 111. 14114111 414 -44444 1111144441 144141
, mit 414 44141444 44111. 11441414 111414414144444114
114 - 4141411441 4. 4441441. 14141414. 1444441. 111. ,

11. ld) 114 144 4444. 44144144 6141441111 -44114
[144. 1111. ·. 411441. 34114444. 1414414 1. 141414 44·

44411411. 411. -14414144144444114444114414444 ·

munt. 1141114141 44114141 41141 4444414441. 411. 114.
,1141 11. υ1 1841414 414. 114 1144141111 1414 14111 1114 414
1141444414 144 44 1. 14444114 114 11414 414. - 4.
1144141 1. 1114414144 411. - 1141144411. 114 1. 14144444
44 144414 (141141 1141144444.) 11,11. · 4. 14444
1414414144. tc. 81. 144 4141114114 4. 14114411. 1111411·

, 111444 4. 114441 14414 4. 1441414114444114144 11444

144114. 4414144144 1144411. 141144 114. 11441. 1444414 1411
1141 1144 4. 34114444. 1411114144 1411. 14144 luto

’ 144141141441). nom'por 114 4144444 14441144 . . 1111.

111. 1111. 1141441444 441144 14 144 44414441. 11414144 4.

’ 04141441441441 11414144441144144444414. 111. 1114·

4144 14141 114 1111144114 -1 4141441414414144144114.
, 441. 44 4414444 111 441 114 14114. 111411. 4. 11114141 441
2111. 1414 144 144444 114144 411 1444 1144141 14144111
14144 114114. ιι. 1414441. 6414111441. 44 115. 44444 141414
.1 1441 1. 11411. 14411. 4. 141. 4411141118. w.
'S. Paul, 114 144444 14 444111114144444, ’4141144144 -
fin 444 14 sago 1444444 1414 4144444444 Platon 41 414
441144111444144 .. 11 414411 441444 4144444444 cinq
4444144 414. 1111. quo ’4114444-4444 h 4414441114
11141144 144 1144444 qui 4416 ravi 44 1441411141,
4444 44 44414 44446116 &Corintho 14 114141414 14
14 114441414 .. 114444 -4444 qn’il 441 144 4414411144
trop 41441144 pour 4411414114 panion 414 14 414116
qui 1441144414114144 414. 815. beben 1111111111 b· 01111

441 1441 1. (1144144 tt. 4414 14114-41411411114 114

· 11111· 1· 041144. 4444414144, ot. 41114. au 4411411.

 

