' 144

’ &tofi 44144444 nmo. 844414 144 1. 4411. 4114141414 ’
’ 144 1144141411 1414414441. 1. 1. 64441141. 111, 414] -
1. 4444444, 4414444444 Ι, 4441. 4444. 11444414. in

1441. &putat ll, 127. 114 1444411. 6444411441 444.
’ 114144 1. (4414. 144 144441. 141. 1141. 4444. 144 244441.
’ 141414 111, 141. 141 1. 1144111144. 1441414 444. 144 444

44111444 4. 4444444444441444144444141. 3414414144 ,
141. 144. 4441. 11444144. ῦ414. 1. 1414141444 no,
y 441 on 144. 1. 6444414 in 14444 44441144. 44444 114
4444414 14141. 141. 4441411411. 144 111411 4444444. 148.
144. 114 141114 gut 44. 411444441441414148. 1444144444·
lain 441414444444. (4444444441) 418. 1141444144.
., 144 1444141. 144444. 1441. 4. 4414144444 11,14. 44444444,
1411411414144.148. ·- 444411. 4144 111411. 11, 148.
106. mm. 444141441444414444144. 11, 862. (8⁵⁰).

144444. 1414444411444 11, 487.

11444 - 44444144 111441. 4. 444114 - 11441444 4441.
1. 144444141411,18. 144 -44 4441441411. 4141144 411.
1144444444 44. f· 11441. - V, 141. ·- 14444. 144141 144
4441444 4441. 141 444 4444441414 44. 414 . . 1144114144
aum urit f. 4. 144 14441144 64444111, 144. »- 1414414
14414444 144 1444444444 144 444444 4444411444 444
viduet 11, 118. 11111, 141] 1. Sub. 1. 44. 1411441444
144 · [1111444441 144 - 441414 144 41441414. 4. 14
144 441141. oft 4441 1414414444 .. 111, 441] 14441144
441. 14444 - (114444 144414 4441444.) 4111. ’

144414-144· 14 oft iu 1. 1. 4414. 44144414 4441· Ι

444 441. urs. 144144· 44144. 1, w 1. - 144444 44 444
414 44 141144 41.

144444· 44411444444441. 444141. mie 44. 11, 444

1144414 4. 4414414414 44144 444 444144 114 41414144
414444 444. 44. 11, 418. 4441144 - 4444441444 1. 8444
44444 41444 44441. 111, 114 41441] 4444 44 4411. - 114
441. 4414 41414, fo 141 14 4414 144 4411. 444141. 44444
444. 4441444 4. 441. 4414444 111 , 111. 4444444441 ’

 

