11 ’ x
111, 131. 811111- -11811111118818 811111 11111111 81, 18.Ι -·

6111181111111111181111811111111,21. , -
81111181111111811118111118111181181. [1118211181]-

1111111 1111 1111181111811 8111118 1111 111111.81111181111
811, 41. 8111. 8118111 84.

1111111111, 11118111181111111 111111.18,18.1,“81.[8111,4.1

8111811 8111181111 181. 8111111, 11111 8111111ι 111.
88111 18, 88. ’

81111811 8811 1111111 81111 8111181 811111 (81118
1.(8111111. 811811) 111, 282. 8111118111 8118. 8118

81111- 1111 81111 1111111811 111 81,44. 1811 81111 =

11111 8181111118 81181111, 8118111 --1811111 81181111,
&ott 11111 ν1111 811111 111181111111111. 1,,118. - 1111
1811 111 1111811111 111 1.11111111.1111181111,1,2811.118
111111181188111 1118111 8111111181 1. 111. 8118181111.
1 8111. 811, 148. 6111811111--81118 18111. 8111111111
111 1111181. 811111 811 88111 11,18.- 11111111 1111111 18,
8883811818- 8111111118116. 8111111111 81181111
88111 81, 48.- 1111. (81811 811 8111111111 18, 488. ’8118 ‘
11811.81111111.188.- 8111111 1. 1111. - 1111111111181
1811818111, 18111111 11111111811- 8. (8111 81181111 1111. 1111
11111. 81111 11, 18. 8111 8111 (81118. 8. 1118181111 218.
1111. 1111. 1181181111 111 811111, 11. 81161811811111
111181 81111111. 211. 11 11111 118 1111111181118111111 8.
81. 11 11111, 1811--181111111118 1111 111111 111118 8. (8111
221. 1181 11111 111 immet 8818.11111111811811811111 111
8811. 288. 1111 111111111811181.111 111111 1. 8111111. 811
1. 8111111 111 8111111 8111111111 288. 1111 8111111118 881111
11111 818. 1111111 81111111, 81181. 8111 1811111111. 811
1111 111 1. 111118111111811111111111 118. 111111 1811118111
111111111181181.·-811 1181 118111 811111 111111 181111
·- 111, 1821. 811 81. 111811111111111111 111 8118811111 11
11 811118111-818111111 111 11111111111111 111. 81188
11111, 111, 8111111 1111 81111111 111818111881. 8118111
11111, 81118 81181. 118 81111111. 1. 81111111. 18111111

· W

 

