- io 11 nui· pu 11111111Ιὶ111 de 1161111 . . jo 1111·

, 1111111111 l’ut 111. (1.1111111111111) Nym.

11111111 11111611, 16111111. - 11111 1. 11111111.
1111111111 111 111 111111 1111111111111111111 11111111

1
1

11111 111, 111. 11111. 1111111111 1111 11111111. 4111111 1

1111111111 - 11111 &aa 111111 1111111111 11111-1

1111111111 11111111 11 11111111111111,11. 111 11- ;
jectum 111 1111111111. 11111 mit 1. 1111111111 111 · 1. ’

11111111 11. lv, 431.
11111111111111111111 Q 111111 11. 1,11.

1. 111 1111111111 1. 111. 11111. 111111. 113111. - 1111
1111111317. 111 111111 - 111 1111111 1111111111
’ 1111111 111111 1111111111. 111111 111111111111111111111
11111 111111 act Vll, 111 111111 111111 im 11111111 111
11111. 6111111111 111 111111. 1111111 11177.

1111111 d· 1’11111111111.”111 11111111 1111111111θὶ ¹

1112111 (111.)
11111111 111111 1. 1111111771. 11111. 1811111 1111·
1111111111. ῦ111. 11111111111111111, 8⁸9³ ··
11111111 Vll, 67. 1111111111 111111111111111111
1111111111. - 11111111 (11111111) lV, 176.

111111 - 111111. 1. 1111111 11111 vn, 11.

1111111111,181 11111. · Ι

11111 1. 11111111 111111 111 1111, 11 11111 111111
11111 111. 11111111 1, m. 1111111. 11. 11111111 -111
§teget 11111 111 1111111111111111111 11 1111111111,
otuu 1. -1111, 111 11111. 1. 11111. 111111. 111111. 111,

m. · 1. 11111111.. 11111111111111111111.111, 11.
. · 1111111111. 611111. 1. -1111111111 1. 1111111 11111
1111. 1111111111 Vll, 111. 111111111- 717Ἰ 1111111
Μ1111ἑιιιὲς1ιιῗσ 11111 §cele 1111111 11 11111111111111

, · 1111111111111-1111111111111111111111111111 ¹
ε &ott 11. 111 - 1,111. 111 1111111 1111111111 11111,
, 1111111111 11. 11 1111111111111111111111111111111 ³

 

