, 191,

111,100. 0000000000 000 0000001. 00001.. 010 -m s
'3¹¹ &mm 0000010 00. 10, 10. 001000000001000100
100οο000000 aveo toute 10 0601000000 01·οη Tyrau
00000100 1001000010001000- 100. 00000-00000 00
000. 3010 00. (0. 000000. 0000000110.) 0001000οι0

0.-11000 01, 01. 010 0000000 01000 000 0000000 0 0100.

0. 0000 000000 01000000001000000000 bv- -00 1000000 ' .

0010100 0001000 002. 010000 00. beu -en3 1000 emite·
00000 00. 00 100000 000 00. 011, 0. 00000 - 10 0100 nur
0. 0110000 0000. 000 0. 00000000 0. 000. 00 000000. 010
’0. 1000000 0000000010100000. nm 000000 00. §inu 00000·
000100,-(0]0001.010. 000. 0010000 -000 00. 01. - 010000
0000000000 00. 11, 100. 01010000. -0000 ze. 10. 010 0101,
10, 011 -00 000 000000. 011, 00. 00100000 01000 000001.
..00 0000000100 geg. 0000 00000.- 00. 1010000000 01000
110000-111μ-00000010010 000000100001100. 11000 000 ,
0001010105 000000010000000000000111. 0000.
00010000. 00000 010000 100000. 0 1000001000. 01 ,100’
0000.1111000000011,110.
60000000 111,10. 101. 000000. 00 gt. 01100100 000
0. 0000000000 0000 0000000010 000 00000001. 0000 000000
,0000 00 000 0000. 0000 000 0010010000000 11, 01. Ι
000 - 000 00000100 0000000000. 000 00. -1000111
-001010010000001011000000 0. 000010 0. 000. 00000000.
0000000 001100000100000010000. 0100010.1110μο00100010
0000. 000000 (1011100.) 00000110 00 00 0. 000000

0010101000000000 0000000 1000 00 000100010οι0, , ,

’ 00010011.001001001000.11000. . ι’
80000000 00 (10000000 11, 851. 00000010οΙ bet Ι-
0110000 ὅ. (fib. 0110000. 100100) lV, 10⁵. 010 6. ll· aff.

ι (agab. 11010.) 188. 0010002001θο

&orgen - 100 001000 000100 1001000000 010 - 0. 000·
000010 0. - 100 10110000 1, 001 000 00000 0000 000 00
0000000 ze. 011, 100.

0001000 01, 1. 00000 00100 -00 00000000 10000 11, 00. ’

 

