m
61816 868 8688. 8886866866 zum 8888686888 ’886688

- 61, 11. stimme 86888 6688. 68 888 166668 88 8881686 .

88886888 8661 (68686 46 8.) 1, 486. ·.188 1666688 6686
8. 8668666111, 866 1-ιι8.18616ιιι(68ι8.) 611,16.

81. 86. 88. 88. 68111868. 88886688. 86888· (bem.) 668. ,

- ,8886- 81. (6, 6818881--68886688661 (6. 6881688188).

’8881688888 6188866666 68 686666 88 6868 66868 88 . ι
188 4818866888 1, 126. 668188 6168888 888 888 8. 88868866· {

1661. 8. 66881. 888 - 8866. 486. 686888 8888 86666 68

Ἃ mon-en 8. ’8881688888 6666688. 68 qut 8. 6888668. 868· ¹

86888688. 818 68 668888τ 11,-166. 8888868686 888886· ¹
· = 888686. ιι. 8886186888 8881666 8. &chnut 888 · 88868
6661686866 486. 16888 8888686866. 888 - 16416. 86861. -en '
(868 386161.) 688 6688866868 6618 (6868888 868 ’8. 66886 s

888666 68888, 888ι 86668 668 688818 . . 8888 88 ι. 66866
88666 68 6888 868 88888 ιι. 611, 686. 88868 688 -88 86688
88618886 8881118686 8. 86661 688 818688 688888 86888
68661. 66888 68 888888 686888 688 66866 86888 88668668 .· ¹
886866. 8188868888 886. ’

688686 611, 66. 18888868. ,6866 11, 866. 88818888

’888 886888- 868 (6688888) 111, 1486· 888- 686 8866
6. 8668686 mit 8. 6188881661.

. 688888688168166861. 888 8188. zu 6188168886· 1664).
1, 198. 111, 118. 6888 philosophique: 888. 1188116116,
Ριειιιιιιίί contro 18 corruption -118 la langue 68886.
en Allemagne 18.. 1768-84, 81). 11, am 6116146.

6888868888 6668888668 888 6681688886 88.. 61, 86.

1 68868- 868 88688888. 888 688866. 668888 888 818

6866866886 8886 8886 8. 68866. 6888· 668668 66 68186

88886888. 68 668 86688 6868888 68888 86. 868 868868

888 88866886 88816888 111, 1886. 68 8ιι6ι aum 611868

868 8818 68866. 888- 868 88861. 888 6168888868 ιιιι6...

38886. 8866686. ιι. 88686866 866 8868 8868 6868. 8 6888

,668 8688 888 686 86688 86888. 8688868 8. 8666868 686 6

“ , 86888. 8. 88686. 16, 466. 8688 6888818668 8888 8688 fle

 

