, 1117

, 3131131113 111111.

1 3111313111 3. 3111111111 11111111 1131411. , ’

. ’ 3111333111,31.,331131111;3131. 1111311313» 311111.Ι
1⁶52. 111, 88& ι

1

31111113- 313· 1333311113 313 13113 3111111 3

, 11.13,335.(33.1) 3113311331. 311 331. 3. 13111111.
’ ,311111 ι’113. 3133111· 311,.31

3111111333.13111111,131111311111111311 11131131.

331 3311313111131111111113111131311131 1. 3. .

3111313333.

‘ 3111111111,133.[133.]3111,311111 3111311131. 311, 113..

3111111- 111-113111131131. 113 31311. 11131111

1311331.) 11, 33. 31133311131111 1. 11311 31113111. 1

3331111113 1311 3. 1111131111. - 1. 31111113 11311311 311,
41. ’311 11. 3111311 1. - 311113. 3131113. 53. - (3311311
311 33111111) 3111311111313111311. (311111 . . ll, 153.

’ · 113113113111331131111111. 311. 3113311-3113311· ,

11111353. 13111. 31111. 111111 11111 1111- 1111. 4115. ιιι 1

, 131111 111 3113111 ..111 11113 111 .-1 3111131111. 1116. ·

31111111, 313113.. 1311111. 311111 131315. 331133 ¹

11113111 311, 31111.
111111133ῑί33 13131111 111111 3111 111 1113, 131.

3111131331 - 11111- 13111 11113111311 1113313111.

, ³ 1331311331.. 3311 3113111111. 1311 11. 1, 513.

31113111311313 3113111. 311113 1, 13. 111 -1 311131

113 ..1313 111 11311113. 331111 .. 111, 333. 31113. 311 ’

1133131. 311111 313111 1111 3. 331111 - lv, 93. 1311111111
3311311111. 1311113111. 3111111111. 13. 1. 11 1311131111
11113 3. 331111- m. 111311131 111311 - 311 3111131111 1.
3111111111 31111 3131111 331 31111113 31113111 311, 33.

3111133111, 3111131111. (11111131. 3111111111.) 11, lm ι

3111131111- -331 311· 111311 31311111 3111111 3113.

Μ.33113.ῡ1’11.1.3)3131111,33. 11131111113111.ιιο 3

111111111111-,13 1⁵2.

3111131111331ιι-11111111311311111311’3113111ι ξ

 

