' ¹ 1111111111. 1111111111 111..111111111111 111 111111 · 11 111,

11111, 111, 4. 111111- 111 11111111. Ν, 118. 111111 11111.

’ x ,11111111111111ῦ11111111111111111111 411.·,.-’111ν

1111111111 111111. 1111111111 11111111. 1111111111.

’ 11.· 1161111111 111111, 11111 (1111111111 111111111111111

111 611111 11111 1111.. ’1111111111 1111111111 11111111.

1111. 111 1111111 111111111 111111. 11111 Ν, 181.

1111111 1111111 ((111. 11, 11. 16.) ll, 128.
1111111111 1111111111 1111111111111 Ν, 111
1111111-1111 1111111111111111111111 11111 11111111

1111111111 11, 411. ,

· 111111111111111111111111111111111111111111.,
1111111 11. 1, 11). 111 6111111111111111 111 11111 111111
111. 1111111 1111111111 111 -et 1111111111 1111111 1111κ
1111 111. 1111111 111 111111 111 111 111 - 1111111111.
111111 111. 1111111111 111111. 11111111 1111 1. 111
1111111111 - 11111 111111 111111 11111111. 1111 11111 111 111
111 1111111188. 1111111 111 81111111 1. 11111. 111. 111111
1111. 1111111 11 111-11111111 1111111111 1111161111
111 11111111 11111 1111111.- 111111111111111148. 1111111

,- 111 1111111111111111111111. 1111 11111111. 11, 11111. 111

’ 1111111111 ..1.1111111111111111 1111111 - 1111111

111, 11. 1111 111 111 1111111111. 111 111111 111 111 1111111111.
, 1111 111 111111111111111 11111. 1. 11, 111.

. 11111111111111111111111111111111111111111111 ¹ 1

1111111111 11. 11111111.
11111111111111111,.111.’ 11111-11 11111, 111.
ὴ 1111111111111 -111 111 1111111111. 1111 -11111111111
, ’11111 11161111 1111111. 11. 1, 11. 11111111. 311111 111 φ
, 11 111111 111 111111 11111 1111111111 11111 1111 111111 1
’1111 111111 11 1111 11111111111111111111 111111111111111
1111111 11111. 111111 111-11. 1111111111111111.
1111111111111111111111111111.11111111Ν,116.“
11111-11111111[11111111111111111111111[4111111]
11111111111111111) 11,111.111.111111-11

l 1

 

