Ι41

414444 1144- 414 3443444444 1,111. 411444 414. 11414444
4444444434 4444 44444441. 1144144144 444 - 44 4. 4444144444.
11, 134. 444, 34344444 44 Ι4 8434441444 14 4344 4143144441
1414 11, 148. 4. 4144444114 analogia 133. 4444414444. 444 4.
34434144. 3141418434 444 4444444. 44343. 41411444
443444444441.34144414444444444 133.--441414444
044441, 4411 444443 444 3414 4441 111, 133.

344444 4144 4444 34434 ze. lv, 446. [111, 183]

3414344 3444344444.. .,1138.

3441444444144 11, 83. (344144 4443 344144. 4. 344444.)

3441414344 111, 135.

4414444344 34444144 4444 33 34444443. 11, 138. ,

3444441344 l, 431. 441441114 4134 4414444 431.

344134, 4444314444 441444. 31444444. 44444144 3444444444
4444 tc. 11, zv. 1111, 414. [4144] 444. 444 4. 444441.

444 34414 11, 111. 4444 841444113134.

’ 344444444444 (34344443. 1,13.).11,143.

Candido (444 34144144) [11,1483

3444444144 (444 4444444444) 11114.

3444441 - 14434 434 41434, 4444 844444 444 - 44444344
11, 341. 34444 444 411444 14411. 344444 444 ·4 444 4144444.
3444444444 331. 4444. 314344 44424343.. 4441 414444 344
4444141141 344434 444 4444 3144434444 44444 41444444 113138.
- 444 441444 4. τ44.441444444411,114444 · (444.
444144) 444 13441444 83.

eaput mortuum 44141111. u· 4444131. 3411411 11341. -

· 41444 34444344444344 444144. 1111, 114.

’ 3444444444, 414 4414. 44144444 444444 11, 111. 34444414

militique· 333. -’344114444 enies 1444444444414 444 4344· .

, 441444 444 3414. 444444 [11, 413] 13443 44434444444
344444, 444 44444344444. 4444444414344 11, 131. ·
,,344444414 4441434111, 43. ·

34414444444,4341,144 131. 3444444114 444 44444444 . ⁵
444 8444443. 111, 41.

 

