424 '

11 11. 411 111. 11 111 - 1111111111. 11111111. 11, 11.
11. Vn, 11. 11. 111. 11111 1. 1111 111611111111111

- 11. 111. 11.1111,1111.·,111· 1111111111111 11, 11. 11111

-111111111-1. 11. 111111.Ι 1. (11111111. 11. 1111111111 1111
1111111 - 41. 1111111111 11111111 111 -1111111 11.
Ι111 1111111. 11111 (11111111) 111 -11111, 1111. 1111
, 111-1. 11111 11 11 11111111 1111111 111 1111111111
1111111 1111. 1111111111111-, 1. 11111 111 11111111.
ms. 111111 111 111111 1111111141. · 11 1111111111·
1111111 11111111. 1111111 11 111 1111 11111111. (111.)

- m· 1111111111 111 11111111 1111111111 11111111

1111111111. 11111 111 - 1. 11111. 11, 11 1111 1111.
Δ11111111. 11 1111111 u. 11 1. 61111111 111 -11 1111111111
411. 111 11 1111.1111111111-11 111 1111 1111111111,
11 111 [11111 11111 1111 11 1111111111111111111111
1111111111. 1111111. 111 -, 1111 111 1111111111, 111
111111. 1. 11111 11111111 1111111. 11111111111111111·
1111 ·11 15⁰. 1111111 1111111 PL 1111111111. 1111 111111

. 11111- 111111. 1111 111. 1111· 1111 111 -ei 11111111 111·

11111111111111 11111 4114. 1111111111 111.- 1111

“ 11111111(111.)111,4111.1111111111111411111111111 1
¹ 11111-11, 1111111111111111 in 1111111111 1411] 111111
· 1111111111111111111 11111111-1111111. lv, 11. 11111111.

-121, ιο bornat 111111111111111111 :urile du P,
· 111 1111111111111111111111 1. 1111111 1111111111- 191,
111. ·11 (114.) 11111111111211. 111 - 1111111111 11.
(1.1111111111111) 111. 11111111 1. 1111. 11111111 1111 -.

, 111111111111111111111111. 11111111111.1111111.111111 ¹
61111111 11111 1111111111 111111111111.111111ι1)111111

1111. 111· 1. 11. 11111 1111 1111. 11111111111111 1111
111111 1111111 1. 111811111111· 111 11111111111111

· 1111111111 11, 1111. 1. 1111111 414. 1111111111. - 111 ·

111111 1111111 1111 1111 11. 1111. 11111111. 111 111 111·

“ 11111. 11411. 1111111111111111111111111 1111 1. beta

1111 11 111111 111 111111 11111 1111 bia

 

