42³ ’
9199111919199991999 (999 19199 99999911) 19, 15.

’11991 999. 91179. 999119 9119919199191991999191999 9
’ 9191119199. 919991199191,9.·

91191999, 97. 2

19991991919119 9991999911 ιι. ιι9191191.19,4ὓ ’

9999991999 91199919199191119919, 99 (111. 79.)

9119911991,119919111ι99911,199. 9119991991. 999
91199919 ιι. 919 999· ·1ι 999 1191. 11999. 911, 7. 911199
1119199 11999-1-991991,189.

9911919999-919111 9ιι 91991. ιι 9119999999 991191 ,

, θοι-191999. 1191991191919,977.119ιι1.999
9999919711 6111991199 91999 199199 99911911. m ¹
[9999111919 1119111911 472.- (911, 749.) ·
9191919999 999 1991199 99111191, 19.

91119911199999191 191191. 919 99119, ll, 719. 999,

11919. 11119. 999 · 1191 9911919. 977 · M 11911199 ¹

999191 ιιιι9 91919999 911, 94. .

19111919 9111199, 919 9919119199, 19, 99. uo 919..
11919991 flam 199. 1199191191 919. 29511. 1191911119) ’
999119199999999999. 9919199191999111991799 91191
mmW,m.

, 199191911919,195.9199999999279.’ ·

91911111,999199991191191191919,1111919111199911199, 4

ψ9919911191 911, 97. -

1159991(91119199119)11,799. 1191111199. 999119 991.

⁴ 1119991999 919199919919 99199999 79. 99999191 91. 779. .
19 9. 91911 1991991111 ιιι 919199, 9191999 911 · 9911199

rig 919 91191119 991. 1991999191. 9991.. 9991 919191 91191 ,
19999 1991 9199111991. 991. 99991999 · 19, 199.
919119 91999999. 991 ι 911, 71. .19191.91911.79.19. 999
11119. 19919 1999191199 9199199991. 49. 199919. 39111. 119,
ι 1191191911 9, 17. 19919999111919911919 119 rotro

1191119 1119119919 11. 919.Ι 19, 159. Garganum 11). 11199, ¹ ,

91911111 91,-119. 919 · 919991111.19,771·. 91111919

 

