58 .
66666. zo. 6. 666666666666666 a...
2661166666666666 19129124. 266666 tc. menget 128.

, 216666 616 fid) 6666 16 61666626669661666 aben
11„ 221. 6116111666 6111166 66661166. 666961616616666
JV, 126. 661 66691166 Soti) 666 296666122128. 66666

6666 6ι66 666666166128. bet 6116 6666661666661.
9166666166661666966. 6666616661 129. 266611. 16 za,

s 166 6. &dnum 666 6666( 6161661166. 1166. 661 116666 6..

>Dm 6616661 6. Vl, 65. - 966166166611666111,122.-

, 9666666166 ber 1866966666 Ν. 128.

91666616, 616 966666 {ms 2166· 66 2616. 1, 168.

2666616, 66666. bert 6. 9261666666 - 66116 616·
leit. (6166 2616661166. mit 666. 6666 11166166 Vll, 168.
r ’ 194. ,266 6. berb. 111. 1661891951. 9616666166 M
121666 1851962912191. 6-1 9611166 666916 226. 244.
222. 6. 1616616616 bem 26661616629661166166 219-
much. 1166616611 261. 221. 228. 21161, 261. 11611. 66161. ·

“ 1966661661 2961. (616962 9166666966 265. 666666. 91111

266. 229. 282. -· 2116666116 241. 6616611) (228 (192491.
222 9916616666 229. 219. 11166 222. 6612166. 6662266.
229. 266166 (9661666 269. 222. 285. 299. - 216 2961616

, , 66 bum. 222 f. niet 21616666 6661. (269] 222. haupt·

brief ermuttet 244. 226. ³3·ss 266 229. 6-1 11616616. 16
2961666666 491. 412- 261616 666666166216666161284.)

“ 66166666 666666666666666)166. (1685.) ’

198. 212. 222. 249. 249. 252. 299. (1286.) 299. 222929.
229. (1282.) 252. 262. 222. (1288.) 495. 616 1666616666.
666 &chremem 6666661. 66 2. 6166 241.
2366666, 26666, 6666661 6963161166 1,125.122.
(128.) 254. vl, 92. 2616( 66 616 2666616 6662. 1252.
, 211666 in 666 &thulen 11, 415. 666661) 619 96666·
»fellet 6666166 ’266666 6166111166 429. 422. - bet 21166 ·
, 66116 91169166 6. 6666666666 611616 111, 82. ’
1911666, 1666666611. 66116666661616666, besto 666.

 

