448

81111151. mmmmm 11,Μ9191.4581. 8151. Ι
. 15511115 1515111. 18114911. 511115111115115111115 458.
· 81511115 155518511111111155111515155111599. .
,8511511 5151511511 111, 4911. 1151191515151511
· Saint- 11511111 5151 urrann 51 151515111511,188.
195. 9951. 111, 959. 951. 951,
85151-8151558151155 115 15 551155 111, 888. 891. 411.
951111- 1515 5555155111511111511111511511·
151 5111155 1511 5111 9115151. 151551. 15. (555 8111111.)
11,159. 15515155515115155 515115-551155111151151
(8.1. 4115111. 19, 11.) 111,191.-1115115185115511151 1195.
8511115111914941. 15141
6515515155 11, 915. 555. 1511 9511511511 11, 14
85115, ,551151119515 11, 91. 951. 5511511155158151
Ι 15155511 8. 111, 191. (1. 1115151-851515 155 5515151.
85115111 199. 81111111 1519151115111 511 5115111959,
91511511 11, 195. 111, 91. - 6511151111 11, 419.
85151151 1511151 151551. 515. 115111. l, 11,· 5511.
811155151511199. 5151515 1515- 15555. 515· ·15155
1μ1155151(1915.4)115.151·851111151151551
Δ 1551 11551. 15515 8511 55551 99 11151 51151 19511551
1511111151 355111. 15 1. 1511151115 1551551-151115

“ 551 1151111. 551151 111 1151111 51. 5111551155 1191151511· ,

11115 - 11, 99. ·11. 1. 85111151. 5151151..15515.
. 1155 (55115511511511511 199. 5115 195151. 15555 115151
5515151. 1551 15511. 1115. 15551 151511. 15. 494 11151119
151 111111. 1511..15 11155155 5515511551. 155 811. 194.
5515151155 911. 115 4151551511, 15115 11115159515115 ’
15. 111, 151. 515 11551155 (1511515119. 195111. - 111
1111111151. 1155111511 5511, 99. 111111155ωὸ115 15111151.

94 11111. 81111111. 5. 15511155. 155111, 5. 51551. 55.
915 111 15511.. 5151115151 511·1511.951. 151159
11151. 15 11115151 411.115151551·55. 151515 55151155
1551. 1,11, 99 515 155. 1151. 1111 15 15581115155599,Ι

 

