'429⁴‘

‘ 1111111111 11111. 11111 (1111111. 1.) 11

” 1911111111 1111 · 1411111111 lV, 226. ὁρπαγμός.. πρῶτον
11111111, 11. 111 11111111 1111111. 1111. -111111

· 111,11.·· 1111141111 1111111111111111 111 11111.

111. 111 1111111 6111111 11. 1111 11111. 1111111 111
111111 11,111.

111111 11111 1111 1111111111111111111111,111.
111 111111. · 1111111 1111 111111 1. 111111. 1. au 1111111111
11111 1. 111111 111111 1, 91. ’

’111111 61111 1111111111111111111111111111,111.

111111 -· 111 111 1111111. 6111111111 111 ru. 13111
11111111 11111111111111117. ·1.1,1., 111111111111111

11111 1111111. 31111. (11111) 11. 111 1161111111·
11111111111111111. θε1.111·111,11.1111111. 13.
1ι-1111111111111 111 1111111111. 1111111 11111. 1111111
111111111161111111111 111111. 11111111, 111· 1
3111111111111111111111111 11111111. 1111111111 11111
111111111111111111.1111111 111 111111· 11111111. ¹
1111111111 11.

1111111 111111 1, 11-11. 1111111111. 11111111 1111
‘ 6111111111 1. 1111111 .11 1111111 11, 191. “

1111111111- 1111111 pour 111 ·1 11, 811.

1111111 ssiat. 111111. ote. 1, 81. 11, 1119. 1411247..
lV, 15111. 1’11111111111111 plu· 1111111111111111 s
,1111 111. 1111111111111 1’1111.154.111’1116111111

11111111111 1111111111111111111111111.1111. Ι’

Ι111141.·1.1111111111,141.

11111111-1111111111-111111.111111111111 ’

11111111 1111111 111 11111111 1111· 111111 11111111.
1111111111 · 1. 3111 1. 111111 (1111) 11, 11.
11111111 111111 1111 11111 11111 1, 111.
11111111-11111111111111111-11.11,111. ·
1111111 1111 11, 115 1111111·111,14.11.1111
,11111111851811811

1111111111 111 111 111111 1111111 111111 111 1. 11111

 

