444

6444444 44448. 4 44464444 644 61444444 41. ιιι genio y
44441441· 4414144414 lo 1464144 44144 commun 414. ⁴

·156.1444644141444646844444 4. 564. 644 4464444444
6444414.. ,4464 4644414444. 61441444. 64464 414 444 ·

464 644 64444. 4441644 4444 266. 644. S. 4. 648 444444 .

44444441. 644441. 44 648 chef 4444444 644 441644 4444· ἱ
444 614. 6641416444444 64844. 61, 66. 444 464444 hm„

· ιιι. .’. . 444 4444444441 44 ιιι ...ιιι ι. 44. ιιι ,

4444444. 668. 6446444444 644 ι. 4. 611, 4.- -6444441 ,
4444144 (4. 644444) 61, 56. . ’
6444444114 (4 6446. 4416464446. 444186 444 64444 “
o. 4444.) vn, 444.
6444444 64444444 1, 61. 64644444 644-444148
64446, 4444444 61444, 16, 664. “ ι
64414466 4. 444444.11, 18. -
64444444, 64444444 4.644444444446444444.11,]18.

44144644444-646 6416144414 nigrum 44416444 .’ ¹

’ 4444444 16, 614. 64444 644 61446446 644 4444444444.
= 4411444 461 4. 4444444 611, 68. .

4444414444 6114444464 16, 666 444441. 64444444
ωμι164141414442ἶ-64464644 444. 4444444. 44444 444 444.

’ - 44 44444444 44. 44 446, 446, 44444 4. 644414 1, 86. ’

· 444 (6444 44444444 64444 4. 64414444 44. 618. 61444.
4444444444. - 44. (4. 6444) 618. - 44444 84644444 444
iat. (4164444) lv, 16. 644 4444444. 4644444144, 44·
4444144444· 444. 6444444444 218.
6641466466, (64441.444441.)11,666.564.
Quique-.- -Qie 44444 644 61414 44444- 464 444444 ’

6444444 1414614146ιώ 4444 6644 6146444444 644 Qe
64444, 444144614644414 444.111,666.- 66444444 ,

444 Q. 681. , .
vestus 6446644111, 616. ·
” 6444 ·-· 44444 444. ιι. 444. 4444444644 14 4444

’ 44441 41444144, 4644 6. 6414444446 4. 644644 4161 44411644 ,

 

