1
1
1

m a ι
111111 111111. - 111. 81111111 (111111.) 111..

11111111 11111111. 811111 1111111161. ΙΙΙ, 1111311.
. 111111 ΙΙΙ, 114. Ν, 18.

y 1111111 (611. &aL 11, 1.) 111111.

1111 111 11111111. Ι, 151. - 11111111 111111111111
111, 1811 111. 111111111111 11111111 111 - 11. 111
· 11 1111111. 1111111111, 61. (111.) -111111111 ΙΙΙ,411.
11111 111 1111 11111111 111111 1111111 111 vll, 111.
-111111111111111111 (1111111111, 11. 111111 1111111.

’ ,1111111111111111111111111111111111111111111. .

-11111111, 184. 1118111111. 111 11111111 1111 1111
1111111111111111111 1111111111 111 11111111 11111111

, 11111111 1111111111111,18. 11111111, 111. 1161111

1111111111 11111 1. 1111111. 1. 11111111 111111.

ν 111-1111111111, 1. 1111111 1111111111 111, 19141111]

11111, gundum, 1. 6111111111 ΙΙ, 111.
mmmfflwwmmws
εῑῆ1111111412ῗ- 11111 1111111. 11-111111111111111,’11.
11111111 1111111 111 1111111111 11111111 ΙΙ, m.
1111111111 (1)· 1) 11111 111111 lv, 11. 11111111111111

Ι ’ 811111111111111111118. -111161111111111111111111
, ,11111 (111111) 111.
. 11111111-1111111111111111111111111-11111111]

111 1. 1111111111 11111 1111 1. 111111 11111111 lv, 118.
1111 11111 1111 111 11111 111 111111 1111 11111 vl, 88.
111 1111111111 111 1111111111 111 1. 111111. 1111111111 11.

. ΙΙΙ, 411. 111 111111 1111111111 1111. 11111111 111. fia·

111111, 61.

1111114 1. 811111111111111 1111111111 1. - 11111111
11111111111111.1111 1. 111111, 1111111111. 1111111111· ’
111111. 11111111. ΙΙ, 11. 11. 61111111- 11111. 113118
1311111111 (1111111111111.

1111111 111111 [ivm] 1111111111.1.111111111·

 

