affl

. 111111111111111* 1011101 Ρ111111111111 11, 852 111

1111111111. 1111 im 1111. 1111111111. lv, 101. 0111111111

1. 11111111 111 11111. 1. 1111111111. (1111111111111111.) 105.

1. 6111111111 11111 1111111 111 111111011111111111.

111,1 81. 101111111111101111111111 111111111111.111111ι

, 11111 1. 11111111 110. 1111111111 1111111101111111111
1111111111. 111111 11111 10111111 111. ’

-111111111, 00. s.

110111110111111 11111 1111111111 111. 61111 ’111,
· 1111111111 v1‚15. πρ. ψ. 1111111. 3111101111111,10.
πρ. 1. 111 1111111111. 0111111111. 1111111111111111 ’ “
1111111 111111. 1111 108. ,

. 1111111111 111 51111111 W, 118.

1111111111-1111111 111 beate 111. 1111111111 111
111 11111111 11111 11111 11 1110101111111-11.11111.
, 11111111 -11111111 11111-111,111. 11111111111111111,
100. -111111 lv, 111. 100. 1111111111111111111111 -111111
, 010. -111111111,101.- ·1111111[111,101.] ,

11111111 11111 11111111. 11111111111111 11111111
111111 11, 110 · -

1111111111 lv, 100. - 11111111 11110111. 11001001 .

11111111 (111111.) 011,101.100.- 1111111111111· “ ’ ¹

11111 1111 111 011111111111111111111 101. .
, 111111111111111, 11111111 Vll, 100. =-
. 11111110 11110. 101151· 1111111011 1. 110·
“ 111101111111011.

1111111101101111111111111 continens, 1111111111
10, 0. 1. vul, 110. 111111 111 . 1011. 1111111111
011111 11 111 111111 311111111111111111 1111111111 115. -·

. 1111111111 111 111, 1111 11 11111. 111 111 1111111111,

11111. 1111111 111, 410.
1111111111 011111 1.1111111111111111111111111. ’

&mmmmm

. 1111111111 - 111 111111· mit 0111. 11111111. 1, 10.
11111. 1111111 -,·111.1Χ 111111 -1111111 1. 1111111 111

 

