1111111111 - 11111 111 11 1111111111 11, 111.
111111111111-111111111111 . . lv, 111. 1
11111111111111 111, 1111111 1111111111111 11111 11. 18.
· 11 11 1111111111.111111111111111111111111111111111.
11, 11. 11111 111111 311111 1111 111 - 11111 11111 11111
11. 181. 111111111111111161111111111111111 · 11. 141.
111. 111. (1111111.) 111. .1111Ζ)11111.111111 111111.
-1 11111111111111. 11111111111111. (113111.) 111111.
’ 111111111111111111111.1111111111111111111111.

1111111111- 1111111111. 1111111 1111 11111111.
11111111. · 111111 1111111111 1111 11 1111111111. 111111
lv, 111. . 1
1111111111- 11 1. 111111 1111111111.Ι 111 1. 1111. , ’
11111111 11111 v, 11. “ 1
“ ’ 11111111 - 1111.111111111111111111111111.11,11.

1111111111 111 (11111111111111 11111111 11, 111.
1. 1111111. ¹

11111111 ·- 111111 1111 1. 1111 1111 1, 111. 1111111
1111 1111 11111, 1111 11111 1111 181111·1.111111111111. 2
¹ 111. 11111 §ie 111 1. 11111 1111311111 1111, 1111. 1111
111111. 111, 111.

1111111111·- 11 111111.1111111 11, 11111111 u. 1111
11111 111111, 1. 311 111 1111 1111111111) 111 11, 1111. ,
, ’1111111111 - &it 1111 11111 11 1. 111111, 111 1111 111
1111,- 111111111 1. 1111111 111111 1111111111. 1111111
, 11 1111, 11111111. 1111111 31111 au 111111 1, 111. 11111.
1111111 111. - 1111.. 11111 111 111. 51111 11111 1111111
· 1111111111. 1111 1111 1111111111 1111111, 11111111 - “
1111111, modii 1111111111111. 111· 1111 1111. 111. 111.
ffiest. 111 11111 111111 1111 11111111 11 111 111. 111-
111111 11111,11. 111 61111111 111 111111. -’, 111111 ,
eom. 11. 111 8111111111, 111 11111111 111 1111111111
11111. 111. 111 - 111111 1111 1111111 11111 1. 11111 1111.ι
1111111111. 1111. 1111111 61111 1111· 1111 11111111 11
1111 1111111 11, 11. ,111111 111 11 111. - 1111111111 11 f

 

