lm
11666116111111666-166
1111 1611 116 611 916111 61111. 11111611 vu, 241.

“ . ’ (1111111911-9111111166611611611, 1111111 111111·

,611111 11,,119. 61111116111166111- 258. 1116161611

. 1111111 111111 11. 311191116111611116111) 111, 19.

- 29. 66. 6116111911 1.· - 39. 61. - 611 1111111649.

11111661 1. 111161. - 61. 1111 91111116 1. 61111111.-

1116 1111 ιιι 691116 61181161 6116161. -1111161116 '

,1161111611 124. -1111161111116111116111 611111 6. 61111. .
6116116111189. 1111116111. 111111111111- lv, 221.

9116161111111916111961111116911 1111, 111. 9111. ‘311³
11111 111. 9111191191, 1. 1111916111961111. vul, 318.

(6111111 616 61111111 11, 49. 81. 911116 6111 4111

6111116116111111111611269. 111 -1111 1111111111 - ¹

416. 1. 611161 ιιι 116111 1. ·11’1 492. 11191. 6116111111
11611 1116 1111 11116. 1111111611 1. -111 9111111611111 .
111, 26. 16 6111.- 11 11161111. 16111161 1. 611611 mm·
111 11161161 631. 1661111616 . . -11611, 14. 6111116
111 - (1111111) 611 6111111111, 68. 1119119111 11111. .’ .
Θ11111111611. 31111116 111, 111.

(61111111111111 1. 316. 611 1611111111 11, 216. vul, 129.

(6161111 ῧ1611111111,496. 111, 168. 119486.

6111111- 111 6. 61111 11611 91916161111611 1. 9111.
91111. 1111 91111. - 6111161. 611 1111 1. 6611. 1611 e. 6111.
, 91111161 1111111, 41. -,- 611 1111611. 6116. 6116111111
1111116. 1.ι 1116 11611111. -11 191. 1. a 9111. 111, 12.
«611111111111111 61161111- 68 caput mortuum 611
96111. 1 11111161.- 62.

6111111- 6-11616 16 611-(6111111.61111111.,)111 214

(61111111-1111116611-11,21.

611111111- -1111611 61111 1116111 1. 611 611111
mnssw .
1611116-161111 111. 1611116 1161111111 1111611

6661191161 161116) lv, 229.
, 611116611111111 1811 616 11 e. 61111. 6111611111.

61111111 66116111 11111. m. n

 

