98 , . 1 .
&V 0000000 00000 0000 000 00000 · 00000 0001000 1, 404.

1

J [ 00000 00010000οεοι 0010000000 00000000 11, 400. y
⁴ . 000000000οε 000000000οε 11, 200.

0100000000000000000000000 0000010010 10, 108. 0. 0000000.

> 01000, bet 00 0000 0000000 000000 10, 000. Δ

00000 00 00000 01. 001. 00001100 0000 0000000 000 000
000000 00000000000011,00. (010100.) 000000 00000

’ ten 000 00000000, 00 00000 (0010 0000000 0000000000 000
0000. 0000011000 000 000 00000000 0000 ze. ιν, 0

200. Vtut 000 000000 00000000 000 000 0000000- V, 20.

¹ 0100000000 011, 100. 0000000 00 000οΝ00 0000 01001 04. 1 ¹
· , -· 0000000100 0000- 0000000000 111, 200. (0000000000
000 0000000 000 1000, 0100000000 mie 00. 0000, 00000000 , 1

0000110.) 0000000000 010000 000 00000100 00 000000000-

.‘ 0100 01,0. - 00 bet 00 000000 010 0000 00000000 0000· ·

000000 00100000 000000 000 10, 040. (0000000000 00000

’ 00000 vn, 00) ¹ .

000000-0000000001000000000000-.,.01110 m ,
0100011, 42000000- 010 0000000000, 102. 0100000000
0000000019, 005 000 00000 0000 000000 005. ·

ι 011000,0000000000000000000011,040.0 ,
- Vile -0 0000000000 000000- 000000010100. c.
'- ’ 0000000 000000 00 00. 000.

00000000. 000000000000000. 000 00000000011140.

s ’ 000000000000000000000 00000000 00000000 00.0000000404
v 1 f groeqbufensst. .000000000 30000 Vll, 100. eloquenti 99

00000ος 0000 (0000001, ..0 00010-10000 0000000000

,00000000 000000 000 00000001 bet 0000000000 0000000100 .
· 0000000000000 00 000 0000 000 000 · 104. 00000000.

00000. 00 bet 00000000 0. 0. 000. 2000- ,00100 010

- 0000000000. (0000001. 0000000000 0000000010, 440.
, ⁸ 0100-000000 000ιο 000, 0000 00 0 000, 0000 000

ὕ9010019010-81 0000000000οτ 000· 000 000000 0110.

 

