— 91 ,
¹ 11111111. 111· 1. 111111111111111111111111111111111.
11111111, 11111 11111111111111 111 1111111 1111111 11 1111111

111, 111111111111111111111111111111111111111 111111 ,11111 “
’ 1111. Principii· 11111· 11 1111 111111 111 1111111111.

111111 111 - 11111 1111111111 (111 1111111111.) 11111111.
11 1111111111111111,211. 11111 neue 1111111111

’ 1111111111. 1,11. 1111111111 111 - 11111111 ..1111 1.

6111111141.- 1111111111 111111111111, 1111111111
’1111 1111111111 11111111 111, 141. 1111111111111111111
111111, 111. - 1111111111111.111111111(11111.11111111 “
1111 111 1111111111 11111 111111111111,211.-111.

111111111111.111111 1111 1111. 1111 11 1. 1111111111. “ “

11111111, 111 111 11111111 111111111111111 1111111111,
· 14.-1111111111111 11111 11111111. (1111111 11. 111111 .
111111111111-1111111111111111111111611111 . 1

11114. -11111111111111.111111111111111111· “ “

⁴ 111 1111111111. 1111111111111 11111111. 1111 111 ·118.
111 11111 1111111 11111 1111111111 111 111 (1111111 111 -
111, 1111. 11 111 1111111111 111111 11111 1111111111 111-
·111111111111111 .
1111-1111111111-111111 1111111111111111
ἴ31111.1111111111.1111111111. 1111111111, 111. 1111111
11 1111111 · 11111111 1111 · 11111111111111 111 1. 61111 11·

111 11111111 1. 11111111 411. 1111-1111 1111 11 11111 ,x

111 1111 (11111111- 111 111 11111111 1111111111 1111
11111 11111111 1111 111, 11. 11111 11111111111111111,
alias· 111111. -’- 1111111111 111 11111111 111 ·11 ·
111 11111111,111.- 11111111 111111 111. 11111111
(11111. (111111.) lv, 151. ·- 1111111111111 o grege 11,
111-11111111111111111111 11111 111111111111111.
, 111111 111, 41. utu-311 11111111111111111111111.111
1111111111111 1111111111. ‘

11111111111111111 1111111111111111 11111 1111111111 ”

1 111111 1,1.- 11111111 11111 111. 1111 11 1111 111111
s 1111111. 1111, 2111111111. ι .

 

