x 95
11111111111111111. 31111111 1. · 28⁹. ffl- 1. 31111111 = .
111111111111111111»1111111,21.,- 1111111111 11, 181. ι

11111111- mit · 111 111111 mit 11111 11111 11111111 ,
11111. 11111 1111 111111 11111 1. 111111 1111111, 144. 111 ’

1111111. 1. 11111111. 111111 111111111111111 1111111111
golt, ξὲ11111 ’- 111111. ,11.-1111111111111111 111111

1111111 11, 119111. 11111 11111111· 1111 1111 1111 “

«111111111111111111111. -11131111111 111 11111111.
11111111. 1111111111 lv, 111. - 1111111 11 1111 1111111) 1.
§mut Vl, 111 ·

. 111111111-1111111111-11,119.“1)111111111111111· ‘ ·

1. 1111111111 111 11111111111111. 1111111111 1116111111 ,
111 11ῦ111111111. 111 1111111111 (11 111 1111. 6111.)
11111111. · temnet 1111111111 11 111 61111111111111.
111, 111111 (11111111 111111.) lv, 111.
(1111111111 1111111111111,111. 11 111 11111111·
111111 111111 1. 1111111111. 11111111 1111111111111111, ,
111. 1111611111 1111111 11111111 11111 111- 111 111
mmmm. · 1. (1111111 111. 11. 111111111119.
1111111 111 1111111111 (1111111 -11111111111,

111. - 111 111111. 218. 11 111 - mit 11111111111.,1111 , Ι

= 11111111-11111114. · (11 1111. 1111111111 1. 1111. 1111111
11111111) 199. 1111111111111111111 111111111111111.;
111111.111111111111111; 1. - 111 11111111. 1. 3111 1. 1.
Dru 111. 1111111 111 1111 1111111111 1181. 1111111·
zea 1111111. t. 111111.1111111.·11,111. 1111111111.
bat 1. - [411 unffi} 111 11111111. 6111111111. metat
111 -11 1111, 111111 111 111111. 11111111111411. 1. - ·
111111111111116111111. 1111111 11111111 fid) 11 1111·
, 1111111111111111111, 111. 1111111111 1111. &tuae

1111111111. 1111 · 111 Maximum 111 1111111111 nn· ·
11111111 1. 111. 1111111111. · 1111111111 1. &vals
111111111111111,11. 11111. ’1. 1111111. - 11111111.
1111111111, 11. · 1111111. 11 111111111111118.

 

