; 198 ι ,
11111 1111111 1.· 11111 11111111 11. 11. 1111 6111111111

1111111111111111 u. 1111111111 11 1111111111 1111111. 111 “
f· ιι. 111 111. mitten 111 1111111 111, 389. - 111111 111
- (1111111111) 191, - 1. 611111111111111. .

111111. 11111111111111 11111111 1111111111

11111111. 1181. 111111 1.1.1111.111ι1111111.’11 11, 4111. ’ ,
11111111 11111111 111 1111111111. 111- 11182111 ·

111111 111111111111111111111111111-,11111111111
11111111111111111111111 u.- 1111111111 11111111.

1111. 1111111111 8181.- (1111111111 1111111111 11111111·

’ . 11111 1111, 68. 88 118.111111111118111.1111111ιι1

11111111ὅι11111111111μ-1111,118.1111111111 -
, 1111ιί111111.11111111.111111111111111111σιι.11111·
,111111111111119.,, 3
1111111111(111111)111111111111.111 (ιἰ· 1) 1111 ι
1, 514. ,’ ’
ν 1111111111- 1111 111111111111.111111811111
1111111111111111111111 111, 456. 11111 1111111111 111·
1111111511.111ῢ11111111111111 111111
11111 1-111 11111111111111111111111 111 111- 1, 98.
111111. 111111 um 111111 1111- 11211. 1111111111
11111 1111111111111. 1.· 111 111111 1116111111 11, 26.
111 11111 111 1111- 1111. 11. 111, 1551. - 1. 611111. 111
1111111111 1111 1111 1. 11111111 1111. 1111111111 ιι. 1, 111.
1111111111111111 111 -3 1111 111 111 111111111111111. 111
Ι3111111 1. 1. -11111111, 3111111 11111111181111.
911. 1111111111. · 1111 1111111111, 11111 11 11111 11111111
111111111111 111145.. Ι1111111 111 1111111111 11111111 111
111 - 1111 11111111. 11111111. 111111111111111111111.
· 111 111111 1111111. 111111 111 1. 131111. 1. 1111111111.
11161.111-11111111111.11111111111111111111111.
11111128.
11111111111111.·11111 11111111111111111.

³ 111111111111111 ’

111111111111311.1 1111111111111, “

 

