Α 1

111111 1111111111.1111111111111, 11111. 111111
11111111 11111. 11 11111.;.11111111. 1111 111· 114.
11111111111111111111 u. 111111 111111. 1. 11111111.

1111111 mit 111111 111111 (1111111111. mit 1. 111111·
1111111. lv, 414.

πει-1111111111 11 &Iret 111111 11111111. 1.,
1111111111 111 111111 11111, 1111111111 111 11111111
1111111111. 111, 1161. 111111 -111111111111111 1111- ,
111 111111 {st 111 111. metet 1. 1. 1111 111 11.. 11111 Α
111 1111111461. - 1111111 1111111111111 11111
1111111. 111. - 11111111111111111111111111111161111
1111111161141111 1111111111 11111111. 1111111,
1111111111 111 1.11111111111111 111111 11111. 1, 176. -
1111111111 1. §nat 1. 1111111 111111111111111111111.
⁵⁰2. 1111111111. 1111. 1111111. 1111411. ,
,1111111111 1111111 1111111411. 11111 [1111111 ’
11111. ¹

1111111111 1111111111 11111111 111. - 61111*
1111111111111111111111111111111111191111111141]

11111-11111. 111111 1111111111. 1111111111 11181 .
1111111111 11111111111111111111.11111. 11111.
11111111 111 ersten 1111111 1111111111111111,114. -
1111111111, 111 111 fid) 111 111 1111111111 gemacht

166. 11111, 1111111111 11111111 1111. 11. &utun .

1111111111 fid) 111. 11. 11 &annuit 111 1111111111 ’
1111111111 1111. 1111111111 111 1111111111 1111.
we. 11111111 11 1111111111 111 1. 1111. 1-1· mit 1.
1111111111 1111111 11161. exstitit 111 11111161. pud.
1111111111 1111. Vl, 169. 1. 1111111111 161111 1111
&ott 111111. 111111. 11111111. Vll, 161. ·- 11111111. .
1111111111111 ist 1111111111 1111111111111111111115.
bie 1111111111 1111111 11111111111111111 111111 mie 1.
111111. 1111. 11111 1111111111 1111 11111111
11111111 vl, 141. - 1111 1111 11111 1111 1111111

1111111111] 1111. 11111111 [u 11. 11111111 vll, ’

 

