1 1111111111 1111111 1111111111 11111111 114. 1111111 -11111
. mmmmm 111111111111111111111171. ’
1111111- 1111 111 1111111 vom 1111111.· 1111..1111.
11. 11111111. 11,191. - 1111 111 ..111111 1111111111.
1111.11,411.-111.111111.71. 1111111 1111111111. ,
1111111-11111 419.11111111(1111111111111111111·ὶ
11111111111111111111,11.111111111111 1 11111111.
111 11111111- 111,.11 .
11111-11111111 ’1111111 11111111 11, 11 .
111111111-111 1111111111111111111111111111111
1111..111- 111111.1111111ζ111111111,11. “

111111 1. 1111111111 1.11 1.11.1111.11,111.[1111,129.1 ‘

11111111111-11111111111111111111111111
1111111. 11,19.
’ 11111111-11111111111111-’1111111,11,18
. 1111111- 1111111111· 1111111111. 112115. 11111, 111]

1111111 -’- 111 11111. - 11111111 3111 11, 15.
111111- 1111 1111 11111 1111113111 1111111111

1.-1111111111,..298
1111111111 1111111112141.1111111111111111111
1111111 1. 311111 216.
1111111111.1111111.11111111111111111,211.1

1111111111(1,>1111.1. 1111111111. 111. 1781) 111, 119. Ι

1111111111 (11111) 11151- 111111111111
1111111111.

1111111 1111111111 1111. 1, 28. 271. 491. 1111111111
11111111111111111111158.1111111111 1111111111
191. 11111111 11 human 11111111, 183. 1111111111.
111 1111111111 111111111111111111111 11111, 11111 1111111
1111111111 11111 - 11111. - faut 11 1. 11111111 1. 1111111
11111111111111191. 3111111 1111111111. (111111111111.)
11 1111 1111111 11111 1111111 u. 11111111. 1111. 4111. 441.
111 111-11111111. - 11111. 11111111111111 11111111. 11 ’
11111..1111442.,11111·11111111.11111..11111.111ο
111 1111111111 V 111111 1111 11111 111 11111111· 111

 

