ἵ111 ’

111111. 1111111111 11. 111111. 111111. 111. 1111111111Ι
111. 111 111 1111111111. 111111.. 11 111 1111. &dyt- 111

· 111111-11. 111 11111111. 111 11111111 11111111 111111

6111111111. 1111 1111111111111111. 1. 11111111111111
. 1111111111 a 1111111111). 111111111111111111111111·
111111 11111111 11 11 1. 61111111 11111 1111111111. 1111

11111111. 1111111111111111111.1111 11111111. . -
. . '. 1111. 1. 11111 1111. 1111111111 11 111· 1111111111. 11111
1111 1111 11111111111111111. 511. 1111111111 111 1111 ’

, ν f, 11η. u. 11111111 111111-111 111 11111. 11111111· 111 ’

11. 111. 11111111- 11111. 111 111111. 1. 11111111.
6111111111 Vl, 141. 11111111. 1111111. 11. 111 · 1. ..
1111111. 1111, 11. 1111111111111111 11111 111111 11111.
111 · 1111111111111111 1111101111 m. 11. 1111111.
1111111111 1. 1111111. 111111111111111111 11111 1111111
114. 1111 11111111. 11111111111111 [o 1111111111 1111
1111111111 111111 1111111111 111 11111. 1111111 111 1111·
11111111111111111141 11111 1111111111. 111 111111· 1.
11111111. 11111 11111. 111111 1. 111111. 1111111 11111 .

111. 1111111111. 1111 1.1)1111111111111-1111,111. ·

’1111111 1111111. 111 1111111. 111 111111 11111. 111
..1. 11111111. 111, 11. 11111. 11111.. 1111111111 111
11111 6111111. 111 111111 111 111111111111111, 11.-
111 1111. 111111 11. 1111111111111111111 111 - 1. 1111
11111. 111. 111 11111 111111 1111111111 . ..1111 111. ‘'
Α 1111111 111 11111 1. 11111111 lv, m. 3111113111 1 f

111, 11. 111. 1. 1111111

11111111 111 1111 1111111 11111 11111111 1111 111111
’ 1111 1111111111 11161111111111 111-111111
11114111. 11111111 11111111111111- 1 11111111 11111
111 1111111111 1111111111111. 4411 111 11111.- -1
111 111 1111111111 11111111 11111 1 1111111 11111111
1111 1111. 1111111111 (11111111. 11111111 111. 1111111·-
111, 1111. 111.

1111111 -· 111 11111111 111. 2 111111111111111111 “

 

