l

⁶²4 ,

7717. 7717, 71· 7111117 1171711171 71. 17177777 ι
1117111777. 77 7, 161

’ 7171771 17,117. -177 11117111. 7711. 7117111117) 17,
247. 7171111 771 77171111. 711 (17171)711,118.1171η .

’ 17111. 111717 17 71, 777. 7171177(1.7717711.)17,171.

’7171711177 ’717171 (71111.) 11,.177. fl ι

’ s ι 711717117771171117117117117..11717711771711771

·7ιι (17737111 1117117711)’71,.17. · . ι
7117177 11, m 711 17111117117717171111171· quc*
, 17117111 717117117717 17, 774,
7117 1. 711117 17,’ 77. .
71171 17171 ,6117111 1177. 71111171 77 111711 1717171 11777 .
3711711711711111711771117111717.7171777177-711,71.
· 7717171111 7717777177 111 1771717 1111711711. 1717171177.
» 77. 7. 1117171·.117. 71111717177771717717.7117111777
71 ιι. 77. 7711711711 11111711 ιι. 1171717 1771· 17 7117
7117 1717 a parto ante 777771771111111171 11 p. 11711 1.
1171171171 ιι. 711, 77. 7771177111.) ιι. 177118.
717177 171, 211).
771111 1111111717 7717117 ze. 7, 77,
7171 -’ 711 1117771771 - 111 171 17711 ιι. 111, 117. Ι
771 -7711777171·177ι71777111771177717·
777 17111. 1177771771 7717177 7771771 7111 71177 111
7711771 ιιιίιι. 117 17711717 177771 71711 1, 177. 771 - ¹
111 117 3711 ιι. (1. 77717) 177. 17 1771777711 171 17)
171177 71711177 171117 17171 ιι. 7771111 7177 7177 17 7117.
’71111177 17 7171 177717 711 1771. 71177117. 17711111.“
ιι. 7711 111717 7171. 171711 1111171. 1711 1117177
. 117111 11, 171. 711. 7111, 111. ,117717 171 7777771171
. 7717171771717771717171 77177111. 1171 1. 7171111117.
771771 1. 1771717111. 71711 177 11117171. 77177 171771
711171. 77. ib. 117 7711111 17177117111171177. 717 717 -
117 771. 11771 71113. 777 1171 - 111 1771177 717. 71, 71.
177 · 111 1. 77777 77117177. (1. 71711) 11171. 117 7711111711
ιι. 611. 117 - 717 177’-777711117.1717, 17771 7711177

 

