148 -

’ , , 1919· 9791. un 99919991999991 . . 99699999 . . biom

191999 11,199. 999 9919.- 199 999 9999 999
9199919911. 19911999. 99111199.
191 9991 9999191999 99991999 991 9999 9991191999
·1919999999. 9199111199119119111,94.- 999999
99199 bem· 91999 9919919 9991991 11,1291.-9999991-

1999 9. 999 9999991. 999. 124. ·999 991991). 999. 919. .

Genius 9999Ιί (f. 91919) 111199.- 1419111119 9996911.
11, 99. (99.) 19991. 999 · 999 111919 19999 999 1999 ,
1 9199999919 9191991191. 999 1. 9999999911, 99. 919 .·
9991119199 9111991, 9. 999 99191999 9991. 1919991999 ’
· 91911999 999 9119999 919199 1, 444.

9999919999 999. 9999991119. 1919991199. Vn, 419
9999999999. 999 999 991919 991999. ιι. 1,9. -·

. 919991. 39991191 999999. 919199 99199 9 9- 9999 91999

9999919119.
99991- -91111999· 999 99199119 11111919. 99 91199·
199 119191 91991. 19199 1919999 19 9 9911119111999.

’ ’ 9199999191991999111, 199.

9999991919 19999 99119991 999199191999991.11ιιι
,9999 ιι. 9999 99919. 3919999 91199911, 9. 9919
999 919999 999999. 99199991191999999191199999·

· att 1191911191 ΙΙΙ, 192.

¹ 999191 1919119999.99991999999199]
1991419147.
999999- 9919919 9. 99999 1199199 9999 syno- ¹

99999 99199 1. ιι. 99991 99 1199. 99991119. a· 9199 ’ ’

999 1199. 919991. ..999999 199999 999911η 999 999 1199
, 999 99919991 919 9999 9919 9. 9119. 9. 999 9991911999
199 99991. 999. 919199 991991, 299999. 919 919119 919·

.. 49114 ΙΙΙ 11 9919. 29⁰. - 919 9999999. 1999999 99999·

119199 991.. 9999199199 ιε. Vl, 41.
199999ιί1,Ηί999919 Reformationiu ΙΙΙ, 149.
9999199 - &ame 999 -. 999 9991999199 99999

- 9911199 1, 999. - 919 99999119191119 919119 1111919

 

