1111
γ ,55.-1111555555. 3515555 555 5155551115555 - 555 155

555555 5555155115, 115. 515 5555555 515 5155555555 55155 “

511555 9115555555, 55555 515 55555555 555. - 15 555 55155-
5555551511. 515555515555 555155519815515 5511555555 151
115555 ,15551- 15555 555 555 511511511155155. 111, 5115.
555 5555 &ame 555 55555551.-5 5555 1155 555 55515555·
551 55155 15555 11555. 5515555551, 55 5111555 555 551555
-..555555. 15551 15, 159 s
15555 555 551155.. 555555 55555 555 5555 55 555 “

5555155 555 55555551.- 555 55 5511155 5511555 15, 59. 515. -5 ¹

5155515 55 551 515 - 98151. 5. -55555511551151155555 (115
5555555 155155 5111555 181. 5. 55 555515155551555 ,
5555555555. (615915155111. 51555 55 5.-.555
1555 555555 1115551 555551555155115515515. 51, 51.
5555155 15551555, 551 55555 555 5. 555. 555. 55555- 5
55155555 551115, 175. 15155 55515515 15151 1555115115
1551551555 51115555555555 515515 515. 158. im· ·
51151155 - 555 515 555555. 5. 55115. 585555. 5551951555
55515..15551151155 11551. 55 515 5155555- 5155555. 55551551.
991. εὑρήκαμεν nterea 55555 5. 955155559551555 5.

515 5151155. 51155ἷ 55. 15511455. 515 5555 51515. 55551511. ,

155555 15 5. 11555555 51511551. 555 51155 1155551155. 5. -
55555 55555. 55 55555 511, 5. 5555 55515555 55. 55.

-9 ssteue 5915 15955 155155.5555555155555155 a& . .

-5 3551551515155555551151555 555 911 61115515
5511555 555. 55155. 551- -55 155555 55 355. 551155 5555
551- 55 1155. 55. 35555111 (515555155111555 155115

555- 15 55115 555 5115155555.) 69. 555115 8555115555
, 15, 5119. 5555 fide 2111. fides implicita 5, 85.

55555 5555155555 (5155555151. (sup. 551. max.) 51, 9.
(5155551551. 5551155155. 6551551555 15, 19. (51555551-
551555 v, 518. 55555151. -555555 551 55155. 5555111555
5911555.) 511, 61. 555 A 5. 55, ’555 955555 5. 1515551,

555. (5155555155551511,.51. 515 1115115555. 1515555551· ⁴

5555155155 15 5155 55. 5551155555 5555555555. 15, 5815.

 

