121 ·

44444- 4444 4444444 444. 44444. 4444444444. 4444 .
4444. 6444444. 4. 4444 t. 1, 148. 444444 44 4444 44. 441,
. 46. 444- 44444. 44 44444444, 444444 64. 4. 44444444
444. 4444444 4.144 444.14441.·444444441444444 u.

ί44Β1414ν4644444444444,44,441 444444 44444 4444 »om .' .
3

5Ieutetteu 4444441444 444 44444444 lV, 444.
44444444-44444444444444444 444446444414411.
444444- 44441.. 44444444. 4444 44444 414458

444. 444 4444 4444 444444 4644444444 44 4 4444 4444
1444. Vll, 114.

444444444444444444414444441, 144 ’

4144444, 44444. 4. 4444444444 6441484-84. 444. ’ “
V11,181.187.192. ·

4444 4444444 4444. 4444444. 444444. 444 64444414 ,M

510tian, 44444 4444 44444 144454.

444444·- 44., &am 4. 444. ’4444444 44 4. 444 ,
1414444 11, 196.

510tten— 4444444444.. 444 VJ 4444 in 4. 44444444 ι
4444 11, 441.

4144 444 44444 444 4444444 4444 444 444444 644444
444444 1, 44. 444444, 4444. 44 444 4. 4444 444 4444
(4444 444 44444 444 444 &eim 444444 444 105

414441,444444444,144.-· 4444444 44444 444444
44444, 44444 441444 4444 4 444444. 444 4 444. 444444, ¹

44444. 4444444 444444. 4144. 444. 444444 644. 444 ’

&nul lV, 146. ¹ y
4444- 4444 4444. 4 444 444 44. l, 116.
444- -4414444 444 4444.. 1V, 46.

444 44. 444. 4 444 444 111, 144. (44) ’
44444411, 464. 448.

- 5vlgen 444 444 444. 4444414444 [4444441444 44, .

154- 4414444444- -55 4444444444 444- 444444

4444441444 644444 Vl, 64.- -44144444 444 1444444444 ”

444444 4, 444.

 

