'24 ¹

'- 11111111111111·1111111111111,199. 111 Δι’11111111111111 “
91111111111111,199. f. 9119111119. ἢ
. 111111- 11111. 111111 11 9111111- 1111111-
1111111111111111 in 111. 1111111113111114119.

11111, 1111111111“,69. [151111111111111111 11111111..
’ 111. 111111. &themu 11, 259. ’
- 1111111111,11111111 lv, 88. 111111. 1111111. 1111. (111
11119 111, 41.) .
. ’ ,11111111 1111 1111111111 1111111119 1, 31. - 11191111,
. 1111, 11111111111111119 11191111 919111.91111111,91.
11. u. 91111111. 9111 1111111111 11291311. - 1111 111

1111 1111111 1111. 11111111 1111111111Ι 11111 1. 491.
boati 1111111111159. 11119 1111 111· vinno. 111. 11111

' , s 1111111111111191111.111-911191111119111 ·

11111111 11. 111111 11111. 111111. ,

x ’ , ’111111 11111111191111.1111., 111111.11,111-111.·

1111 1111111. 11911.1191111111911111 [5111111]
1111111191. 111 111119 9111111 49. 55. 58.- 11111111111119. ,

1111911 1111111 11 1. 11111.. 111111 9111111111 9111 11111111 =
1. 111111. 11. 11, 59. 111111111511191111 111 1111111111. Ι

³ , 111 1111 91111111111, 111.

11111111 111 1111.6111111111111111111 11141. 1111111.
111 111111. ib. 11191119. 141141. 111 111111 (1111. 111· ,
1111191111 143. 1111111111. propr. 91199111111111144.
11111111 1111111119 111· (1111111111. 11111 9191111111
1111111111) V, 89. - 11111111 111 11111111 1111.9111.11111111,’
· 11111111 111111 9111111111--111 19111. 1111111111.-
ammwfflmm

1111111111* &imme 111 111111 111111111111111. 1111.

“ 1111111 111 1111191 11111111111111959.
11191- 11111. 9111111111 · 11111111. 1111 11 11111111. ,
111111 11111111. 1111191111 111 1111111, 1111161111·
11111 111 111119111111111-919. 91111119119119 1111

‘ 1. -, 11111111. 111311111111 111111111111111 11, 1111111

111911111 911111 1111,1111911111111119111111111 1, 191.

 

