“ n
42⁰,

1111111111 111 11111. 11111. 11. 11011111111111111111
111111 111111. 1. 111111611111 lv, 116. -
z 11111111111111111 61111. vn, 1. (611.
. . 11111111111111(11111.)11111. 11111111.
11111111.
111111- 111111 1111111111- 11111 111. 11. 11111111
ι11, 111. 11111111 6111111111 Vl, 161.
11111111 -111 1111111. 111111 11111 1ιι 6111111111
111 petitu-mauron ³¹1 - 1111111111, 60. x .
1111111111 - 111 111 1111111111161111111 1111. 111
111111 11. 111 111 ·1 111111, 11111. 161111. 11. 1,161.
1. 61111111 1. 6111111 . . 11111 111 1. 1111111. 3111 Ι11111
11 1111. 11111. ιι. 111111 111 1. 611111. 1. 1611111 11,,11.
111 1. 1111111 1111111111, 11111111 1. 611111 1111 . 1.
1111. mu» 11111 111, 66.
’ Pyladolflypoonto 11666-611111111111464.1111,.69
111111111111111111111 Ι111, 100. ¹
1111111.11111.11,106. 611111111111111111 606.
1111111111-ν111 1111· 1111111116111111 11111111.

- 1,111.1111111111..1111υ11111ι111.61.111.161.

11111, ml 6111111111, 11111111.. 1111. 111111 116
1111111111 6111111111111 - 11, 66. 110111. 6111. 111.
111111 111 1. 111111 111 eq. 1. 111111111111111 161111. 616.
1111111111 11111111. vu, 86. 111 611111. 111111111111
1111111111 111131111116.1111111111111111 11610.

,-1111111 -61111111 1111111 1111111111 1111111. 6111
“ 1111. 1111.11111111111111,Ἇ6 116111111111611111
(1111))11, 6100

. ὓ111111111-ι- 1111111111. 1. 111111. 111 11. 1111
- 1111 1111111111 1111, 111 111 . 11, 101. 1111111111 1111111.
611111111111111111111111111.11161.1111111111161111111)
m. 11111 11111 11111111 -1111 ιιι hoo vili corp. 131166
Quadratum 6111111111669. 1111111111ὓ1111. 111

Ι 16111111ιί111.1111111.1..611111.11111111111111111.

 

