. ¹ 666
· 666166666161166666266. 616661611662661.  

616 161666 66 616666 6661616666 6166 666 616161 61666 &tat-¹ .
16616 6616161611 219. 6111 611. 6616666616 et 1666 2851.

· 6661661. 16661166 61666 5616616666651116. 246. 16616616· η

6115625911616166666 666166 666 661. 1111 6666264
’166166 261. b· ιιι 56156116. 165 6611666 9116661666.
66166. 66666. ιι. 616266- 1666551166 66661665.
9, 145 911, 119. 9111, 666* *5661 6661666666666666.

(5166. 6566666666) 51661. 1666. 19, 166. 256. 911, 126. ,

' 9111, 666. 6616666166 5166. 66 1 6616661666619,
241. Hephaestio Thebanus 616. 616. 1569.) 161666,

1611666666 6661111666 91, 112 - 6616161616 666 666111.“ “

6666 66 6666 6666. 666. 1666. so. 6666. vn, 66 ·

. = - 16666661· 51616. 15. 666 61616616. 16661. 1666. 91,

11351 1411. 144. 152. 1112166. 186195. -· 5611 61611

’ 9, 64-66. 68. [ul 66655866161161149. 61. 111 ’

“ 61616666 Vl, 161. 5661661666566666 66661666 66616666

, 911, 62. 6661116 61. [9111, 2411 661. 66665666 9111, ’

166616 6661166 111259. 166166 6611 19, 444. 66611
6. Duum. 91,.4 6661. 6 6166 5. 6666 6616 6666 6666
1666616. 616 616 6111616666 15. 116 1666666 411. 166166
66616166. (1. 155666611661911, 26 16616 6611661. 6611. ’ 0

1661111566 616665 ιι. 665 566666. 911, 56- .

6166166 5115166611, 65. ‘ ’

616166616666166661111616 66 (1 9651) 111256. ⁴
“ 6656661666 66166 6666666666 66116619,1691. ’

. 66156616.1666616666661651116166511661.1616166666. x

66616 666 5661166- *616 651161Ὗ6666666 616111.
tt. 1, 61. 51. 666. 6ιιι 66 6. 511 6616 616 6666156616. 66. -’
· 11, 7. ιιιι homme 66 bon 6666 6616666666166166161

661166666616 61111. 661 166116 561. 6. 511. 611 661 56666151. “
111, 462. 66. 666 5661166 1611666 166666. 166666 19,
415. bet 6666616616 philosophorum 111 ιιιι1. pater ¹¹⁰: ι
nter: 11166 vol. 666 91 , 169. 616. ιι. 6666615611616666 “

l

 

