78

(1616 -161 116866 pe 1666616666666611666666166 ¹ ’

’ 3666116 1666666 11, 661. 11661666616686616666646 ,

nur 11666111. den · 869. lo code 16 bon 6666 814. ,

6166166 bet 66666 616 6116. 66166 .. 111, 117. ,
6661611111, [466] 666661. 11611 481. 446.
66111611-666166616166666 16.6116661.1111166.1’11,.166 ,
661166, 16. 111,.66 6666166166(1.111,.611.)Ι11466666
66661616 (= 1116666116) 616666166161116111,66
6666616666 666 6666. 6. 66161. 111661111614. 6666666166
61111661 11116. 6616616166666166. oppos. 6μῦ 1116116111,

146. 111, 414 111, 186. 6661666 66616 616 6166666666 116 8111. -

6616661 [111, 466] 666 66 66666. 666. 616 616-
666616666611,161.6161 ““ =

6616666666 (16666116666166166) 61666 616611, 644. .

66666-61666661(666666666666 166.

“ 6616611666666666611616611166666661166661116118Ὶ
Collegium Fridor. 111, 111. ·

0611166911666666618616616611665111111.[11116198. 1
6611666666611116166 (316666.) 11668661166661611
(616666666611661166 666616661166666866
66166666666666. 66666116 16666616666666611111, 66. -

(16166166, 6661166616, 16666161666666666161116166. ,

116. 1661166166666666) 6166616 6. 6666 6116. 666
166166666666111666166. 66666666. 1161661166 11611 114.-
. 616 6616611166 161 666661 166166 6616 111,18
66166 ,- 66161 6. 6116. · 616166 6666 66. 111, m.
. 6616661666, 1666666666, 666 11116166 111, 618. -
&amenius-111, 111. 6. 1116661666 616166 6661661611. 6,
6661661666 16 616661. 6666666166 1, 681. Amos· orbi·

pietus 6. 6161 66 661. 1866 1. 1116666 66. 11, 116. 611. 416, ’

66661-61611611666666, 6616 bet · 6616666166 111, 141.
16611116-661 66661666 66661166 161 666 11666666 66
166666 661666 111, 116. 661 666666 ι, (111666.) 111, Q =
du 66661666 16666666611111, 191.

 

