1111111111 . . 111 11111111 . . vll, 11. 11111111111111, 1111
111111 1111111111 111. 1111111. 1111, 11111 1111111111. 11111

11111111 11.. 11. 1111111111, 11111111 11111 11111.. et· ¹
111111. 1111111, 111 111 111 (1111 1111111111111..1111
1111. 1111111111 1111111111. .. 1111111111. 111111. -·
11111 - 111 111111 11111 1111111111. .. 111211. -1111 1.

, 1111111111. 111 11111111 111 1111 111111111111. 1111,
’ 1111 11111111 .. 111 11111 1111111. 111111, 1111111111

1. 11111111111111 ..11111111 11. (1111111, 11111 11 111111.
vehiculum 1111 vestigium 611111 11111. 11 111. 111111
1. 11111 11111. -1111111111111 11111 1111111111 11111·
u· 11111111111111111111. 111111111111111, 11111111 111·
1111. 11. 111111. 1111111111, 111111 1111111. (1111111111 ’
111111-11111111 1111111111 1111 111111 11 1. 6111111
1111111. 3111111 111 1111 111, 211. 111 1111311111.1111

11111111111111111111, 11111 111111131111.111..11111· “

1111 111111111111611. 111111111111111111 .. 111111 ..
1111111111 1111111111111ι1.1111111111, 1111111111 11111..
1111111. 111 1. 111111. -111 111. 11111111 11111 11111. bun·
1111111111 111 111 1111111111111111, 111. - 1111
11111111- 1111 1111111 Vl, 11. 1111111111, 111 11 111111
(1111111 1111111 lV, 111. 1111111 11 bion-aim, victime
11 1111111111 111. 1111111111111111111111111111111111111
111. 1111 11111111 11111. 1111111.. (1111111111 11111111 ..
1111111111111 11 1111111111. 181. -11111111111111, 111.
11 111 11111..11111111 111, 241. (11111 1111111. 11·
11111111111 111111 111). y ι
111111- 111 · 11111 111 1111111111..11111 11111111
1111111111 .. 1, 111. ,111111 eiu 11111111 11111111, 11 1111

, ,111 1111111. 11111 111111 1111111111 .. 221. 111111 111 -

1111 11111 u. 111 11111 111. 1111 (1111111 neuneu 11111 1111
11111111 121. 111- 1111 ,11111111111111 11 111 11111111, ,
11111 111 1111111111 111111 11111111111111111 11111 114.
11111111111111111111111111111111111 1111111111 1111 111
1111 111 west 1111111 111111.

 

