61·

11 11111166. 6111111111 1111. ·-166. 616 1111116111 ge.
111 611 111111 111. 61111. 6, 46111111 1111166161·
111 1161111611111111111111116.111111111161161.ἒ
6111 1611111111 66. 61111111111111611 161111611611
· · 6111111111 16, 666. 1
61111111-111111 qni 11111111’6111611,664. -66116 ¹
, 111161161111116161111111 6111111111. 61, 646.
1611111111 ·- 1111611 61111 1666111 1111 111· -111,
11111111 111, 611111111 11111. 611 6111. 611. 1, 61 - 3
611 - 11 611111 611, 6. 11161111 11111111 11111. 1161. -16 ’
61111111611111111111. 1611611111 mm
¹ 6111111111 1111111611 6111611 611 111111. 61111 111111.
. 113111111111111111. 1111.1.111.6111.1,66. 61111111
6611111111 111 -1111111 111 6161 &toa 611 1111161111
166. 111. «11111111 1111611 161111111111111161. 6111 1.
6611111 61111111 611611111111611111 11 11611. 11111111
.· , 611111. 166. 611·1111111111 616111611111111111111111
-’ 1. 1111116111116161611111111111 164, 61111116111116 .
11111111 111. -, 61611111 116 11111 111 111111 666. 11111 ³
1111.- 61 11. 6111 111 1111111111 11161111111166.
6111111 1111611. (1 61161111) 166. 111 1111116616 1· 616
’61111161111611-11111.111111111116111118.-
61166.6111611116111111161.16111 611111611661 16,6
-6111611-11111 11111 1. 6111111 1116 6111116 111111
111111 161111 1111 611 1111111611111 1611 611 61111111. 6111
311111 11. 1111 611. 111611 1611 1. ·, 1111 · 1. 611111.
(1111111.) 61, ὅ. ,611 6111111611 611 611. 11 611
11111111 111. - 66. 1011. 1. 6111. 611 · 11. 111-6611161)
666. 611, 616. 6611. 6. 641. - 111 61111111, 11111161. 1
111111 1. 616111. 1. 611 1611111 111. 61111111111111161.
χ611. 1. - 61. 16111 611 1111111111. 11 1. 6161111 1111611111
- 1111. 11116111 1161 611 11111116· 1111116111 1111116.
1111111111 6111111161 1111111111 6. 1116116 611 1111111111.

111. 1161111· 111 61161111. 11611611. 6161111611316.

 

