Ν 111
(1111111111,111.-1111111111111111. 1111111111.

(1111111111- 111 11111 - 111111 11111. 111 1. 11111

’ . 111, 111. 1111181111111111,1111111111(11-1) -11, ·

181. - 61111111 111 1111 1111. 311111 -1 1111, 1111111,

1111111111111 ac. 11, 111. Ἰ-11111111111111111 (11111. ¹

1111.) 111191. 1111. 1. 11111. 11. 111111 1111111. 1111 ·
111111111411. 1111111111). 11,1. gotta. 111111
· 1111. 11111111 1111111111 1111111. 1. 1111. · 111, 44.
-1 11111 11111111 11 111 111111 111 1111111111 111111 111
1111, 4. 111 · 111111 11, 218. 111611. 11111111 111
11111111 11111. ·11,16. -, 1. 1111111111 1119. 11111..
. 11, 11. - 11111111111111111. 111 1111111111. 21. 111
1111111. 11, (19.) 111, 41. 111. 111 1. 1111111111. 111.
111 (11111. 58. 111111 (11111111 12. -
111111-11111111 1. -11111 1111111. 11111111 11111111
11111111 1111111111 11. 111111 11, 111. 1111111111 1111111

1.- 11 1111 - 1111 11111 1111116. 111111111111111. ’
111111 1111111. - 11111111111111 1. 1211111111111111 -

1111111111 - 11111111. 1. 11111111. 445. 111 · 111111· ’
111111 11111111 1. 11111. 111 111 111111 111111. 1. 11111111

’ 411. 41111-- (111. 1111111. 1111.) 11,1. 111 111111 '

1111. 111 1111111 1111111 1111111 1111 ·11 ss 11111.
’ 1111111111. -1 111 1111111111, 11111111111111 7.
1111111. - 1111111111. 1111 in 11111111111111 111.
111, 4. 11111. 11111. 11111. 1111 - 111. · 111 11111. 111·
· 111111. 11111111 (111111. 111.) 118. ‚
ι 11111- 11111 11111111. - 11111111 1. 1111111
111111 111111-1111. 3111111111 1111111111 111. nutet·
1111111 113. 1111 111. - 1. 1111 11111. 1111111. 1111111.
111111. 1. - 11, 11. 61111 11. 11111111 111· 41. 11111.
1113111 1111. 11111 111 11111111. 1111111. 11111. 111
1111. 1. -, 1111111111 1111111111 11111111 111, 11.
‚ 11111. 111 · 11111 1111111111111111.

11111111111111 1, 11. 411. - 1111111 11, 11.

1111 111111 11 1. 111111 11111. 111 111 111 111111

 

