075

, 611. 111 1111111. 1. 111 111111 111 11111. 11 11. (111
11111. 111111.) 81. 111 11111111. 1111 111 111111. w:
11113111111111. 11. 11111111 11111. 3111111 1. 1.

111111.1111111.1111111 111131111111111-18. 111 ’ . ’
311111. 111 1111111. 11111, 11111. 1111111. 11111111111111 ι

11111111. &teget 111 - 1111. 111 111111 1111111111 1. 1111.Ι

ῃ 111111111111-111.11111111111111111111111,11111 .

1111 1111111111 1111111111 111 · 111111 11111111
1111111111 111111 111 111 11111111, 1. 111111111111111111111
· 111 11111111 11111111. 1111111111. 11. 117. 1111111111 111
111. 111111 11111 111 1111111 111111 111 11111 -111, 11
1111111111111. 11111111. · 111 1.(111111111111111 11111,
11ὶ 111111. 111 16111111. 11111. 11111111 1111111111
11111111· 1. 111111. 11111 111 1111111111. 111 1111111111 ,111
1111111111. 111· 111111 11111 1111 111111111111111111111.

, 1111111111, 1111. 11111111111111111111 11111111. 11111. ,

11. 2111. 111 1111111111 11 111111 11111 1111111111.
1. 1111111 111111 1111111111 1111111111 111111 111111, 111

11111111 - 1. 1111 11111 11111111. 111, 111. 11111111, ·

11111. 1111111 111. 1111111 1111. 111111. 111 ·
1. 111 11111 1. 1111111. - 111111. 111. 111. 111. 11111
11111 -11111111 111 1111111. 61111 11111111 111 111111

, . ’111111 11111. 1111111 11111 1111111. 1111. 1. 11 111. 111

1111111 11. 1111. 111111, 11111111 111. 111. 11111111 111. ’ ⁸

, 111 · 1. 1111. 1111111111 11111, 1111111111 1111 1111111

1. 1111. 111, 111111 11111. 1. 111111. 111. 11111111. 11. [1,
71. 1111111] 11111111. 1. 1111111111. 111111.. 1111111
111 111 - 1111111111111.1’1,211. 111 1111111. 11111, 111111,

· 11111111. 1. 111111. ·11 1. 11111 11111 11111111. 11111111,

1111 11111111. 11111 1. 1111111 11111 11111111111111111111.

1111111 11111111. 11111111.,1111111.· (111111. 3111111111. - “

11. 1111111111111111111 111 1111. 11.- 111, 211. 1111111111 ,

311. 111111Ι 1. 1111111 1111111 11111111111111111111, ’

1111 111 1111 1111111111-11 111 §anawanum 111111.
111111 w, 1111. .

 

